5024
4089
2783
1351
7550
6493
2765
8543
8918
8153
1249
15
8115
9934
9475
6240
122
6005
1560
485
610
9015
5330
1603
8379
2122
85
4720
9642
9386
8037
2012
3971
4007
4229
3701
3058
6494
3424
963
5656
8328
7545
2099
9113
451
5651
146
9734
955
5449
832
6666
7499
1792
6626
8068
2272
5191
6543
3301
1431
7798
5184
1399
2028
8410
7815
3092
7526
9847
6448
9415
3210
4630
4289
3998
6090
5128
1001
9467
1707
3928
2245
9487
1305
210
6286
6872
4794
7576
4933
1390
7219
9052
5947
7325
9124
4135
3165
1172
1491
2881
7925
942
1292
4748
7100
6508
6817
5688
7899
5602
2761
4627
6263
5814
8998
5120
613
7833
6806
9141
3220
4662
5502
1736
8
1230
737
2899
6576
4675
1326
8773
2485
6961
2
482
3863
4798
4084
4045
8546
3326
7913
9631
3879
4042
2238
1224
1099
4710
8604
8725
4606
6141
816
8104
1410
4057
815
8588
3028
8368
8359
9285
8443
2406
6388
7253
7802
6005
8545
4371
2797
4486
3335
5988
3008
3905
8297
9092
1202
5899
2366
8786
6953
9738
2887
1916
2548
8000
3707
2199
2984
3493
9253
6230
6116
7782
7523
2654
1117
7759
2588
4094
7915
9059
7192
1295
3985
7636
3957
4422
2869
2478
3401
884
3316
9711
8530
5073
7081
2500
7644
7150
3980
6139
3359
6410
400
7960
8883
9344
869
3069
7916
7033
2620
6933
4120
2320
3321
5314
6886
2376
4306
8938
8889
4660
7859
958
3997
1256
5094
8422
8930
3114
9874
3622
2479
9408
1605
8286
6926
5462
7605
100
9126
9565
6770
6164
3510
4651
6956
1281
5174
9417
7834
655
3937
5270
1188
3687
4666
6452
7817
7874
6470
4017
7180
7548
8487
3275
9542
7300
9397
230
4624
6914
9
880
1184
1556
2650
5207
8603
5558
4455
3955
3746
1463
492
4135
1507
7134
5091
3180
3613
2758
6381
4384
5937
1918
8320
7328
4933
6491
9711
698
5478
5653
4695
8358
7167
3421
9519
8090
1396
3280
7972
1929
9463
4983
9419
9969
529
3363
5856
4225
3065
1484
7033
1902
144
4755
3111
7316
1720
4468
1988
6676
6395
6272
1577
3183
8662
4895
3107
1834
3907
7235
7034
3573
8971
1920
4366
3350
1072
5695
967
8737
2513
679
374
4489
3397
4347
3299
2677
6119
2188
4175
1047
6064
3922
2039
6627
9047
235
6634
3678
8809
55
5712
5967
3039
3469
3820
8854
2131
7687
4588
5289
2638
9851
5829
9555
3290
3874
9478
5624
5855
194
9361
1015
8969
9501
2211
1110
6064
9775
7552
1437
2078
9006
8045
6485
4132
956
8863
8205
6896
7718
2558
5572
9235
10
8363
7833
7252
6519
5899
4334
7075
6261
9288
8984
3081
1526
2814
7546
6793
6689
4936
7759
6193
4364
1625
6168
4603
1415
648
2310
2316
3115
933
6018
780
1653
838
61
5174
4096
7024
3248
3692
494
4261
4749
8411
8636
5565
2294
3596
9417
9135
8497
6932
5335
1427
9089
656
1623
9527
6704
7431
3747
6568
6340
9987
1209
9555
5258
6756
5926
8124
5461
9460
1114
4987
9464
6374
89
9972
1383
3013
1002
3664
442
100
8025
6881
2382
1229
3758
2372
4718
6522
8954
8051
9195
7885
1413
7026
8094
4061
8194
2704
6430
6315
4773
8287
2182
8532
5327
9299
4521
9265
9486
2592
7371
6297
8137
9892
2517
7486
5048
593
1659
3121
3294
7901
4096
2479
1239
1213
7469
4950
5873
1157
2717
4382
5822
7454
6140
3464
5271
5323
5816
2320
9303
9375
8980
3425
3088
6571
7815
7346
1462
3036
9805
401
1824
7637
2769
9729
6771
8444
8622
4163
3159
1088
7516
6495
5221
8822
9848
70
6519
9329
889
7109
4526
9640
5349
8621
1320
8627
7302
1959
3636
6878
2481
1207
6522
1995
9839
1984
2524
4918
2206
3718
2536
46
9241
7239
7418
7662
212
9380
7584
3062
8151
9911
6977
2164
6536
1955
9386
3360
5412
2376
674
7416
5798
6110
7928
8956
2338
5763
8189
8531
7272
4565
5355
8200
6062
6465
562
2861
9808
6177
8150
5136
3359
9121
374
4664
8693
9675
5167
565
2845
2537
1785
2854
1757
1895
5572
1812
896
4229
8281
207
1271
2969
4120
9594
2314
543
4865
4775
83
5205
2616
1312
519
5228
6308
434
3387
1969
7896
8377
1477
2090
5199
0
7723
8509
560
6793
20
5898
4524
6957
3035
9450
7647
7341
9376
9008
6609
3744
2653
6525
4113
3276
8711
674
351
2308
4045
9199
4001
5634
6645
5482
8091
5510
7654
5380
5948
7661
9103
4839
7024
1714
3527
9057
6736
6718
7088
2895
7423
5795
7316
2346
2716
9453
2096
2061
5329
8826
7971
8343
212
2921
8338
6410
7123
2557
9073
9807
3519
6420
1802
4434
6406
7101
9800
9429
8532
7754
4558
9018
8204
9763
6519
470
1683
8392
320
8872
5567
388
6159
5984
5082
377
9051
6667
2149
9049
8384
6265
2241
6343
8325
3885
1251
5603
630
3864
5645
2796
5604
3627
4749
9994
355
5470
6479
6240
4848
1470
2
6589
1741
478
5256
6984
1612
4099
1889
3962
3350
8283
8632
3471
2791
4455
994
3531
3884
9195
5976
2669
2420
4231
4562
9372
603
803
4657
7760
6072
924
6506
2043
2858
2806
5052
1913
3792
5191
654
3904
2206
9629
5968
3407
9640
9050
6324
5367
3247
6040
1995
9881
5014
2425
8280
5615
6889
8062
9283
2001
889
4390
1225
400
3344
3083
2624
6213
3101
4875
9771
6708
7092
8916
2216
4149
4764
7901
5883
5121
3757
7472
8763
5324
1957
6342
2070
4929
4683
1379
885
6083
6880
7819
4724
3399
9934
5040
8323
4300
2801
7890
9380
5769
5762
7137
9898
4171
3481
3632
9456
3917
63
1831
1856
8203
3354
1464
7692
2985
5712
6607
4993
7414
2720
501
1101
2878
8719
5665
9081
1802
3904
6503
1028
8053
3890
9506
2456
2742
8641
5448
6529
8274
7701
4041
724
2801
7406
4269
3117
6237
6936
630
4293
6976
2515
5844
6358
859
6410
2412
3739
494
656
1306
4044
8635
9511
7591
3255
2373
5130
6557
4000
8340
7252
9312
85
104
8252
1043
8491
269
4362
7770
8158
9551
276
5882
8342
9972
6306
3240
3595
5635
5280
6545
2792
5525
930
7490
3288
6365
4135
8341
8491
8103
1208
313
4829
7690
9431
8500
9014
810
5879
6080
3827
3409
2139
7474
4826
9301
3682
9783
2231
585
1020
192
6067
9613
2968
2776
6791
8745
7283
663
9624
2414
1829
9021
4458
1273
6755
8594
387
21
1840
88
2358
434
6361
3879
6797
109
6950
3213
9347
9901
5235
9050
4233
8606
3535
5877
1602
9241
7786
4925
9099
3313
7502
7805
563
1465
9872
5943
9946
8514
8039
7634
616
5794
7247
7734
3487
3210
1037
5418
1311
8555
7709
9742
1044
5453
3887
6321
8933
6568
5064
5849
5433
6078
3361
3757
309
1363
3087
8216
1781
9021
9731
5756
9071
1135
5991
4420
4155
4042
7976
8248
7610
3096
33
9773
8829
3314
8145
2679
372
1281
3899
6492
1266
1873
6221
1764
9961
1595
8065
6944
8723
9298
2939
3964
8547
2980
8102
7775
6941
2402
6362
4523
7766
9669
6921
3648
6222
4659
2509
9030
2078
6842
1471
6842
7463
2083
6038
4715
5780
6765
8172
1156
1176
37
7551
4603
7109
4940
5331
3456
3935
469
1039
9811
3384
541
2469
6355
6600
1691
4672
9082
1017
9402
6068
6336
6036
4328
5660
6841
5226
280
665
8204
7405
5354
6441
3035
2081
4922
9719
3412
921
7177
2047
9316
9258
5435
4931
2847
6415
7681
8477
8359
9208
1255
313
5395
3350
8045
9837
8526
9354
1947
5287
8812
4448
1603
7686
8469
2604
6312
4691
7463
7557
869
3587
5397
5302
8967
3656
3281
107
8245
2351
7736
9108
5259
8124
7780
5319
3319
6037
6911
8650
6845
6810
9463
1142
9594
7920
706
4611
8310
5446
4749
9490
4297
2443
4952
9647
5548
2850
3072
7853
4649
348
4660
9149
101
4081
3691
8945
8963
589
8801
3440
7866
8079
5111
2632
4250
9508
5770
2483
4691
1160
6871
3502
4309
6104
9292
4827
3708
3841
1552
6323
6843
8378
1922
5942
1953
4452
8235
2626
4694
4887
3537
5008
6475
8604
4301
4089
5082
6948
590
9596
3306
1954
9771
9577
518
7573
3229
5624
6753
8213
8207
9307
5046
105
1118
8080
6593
7717
7215
1160
8059
5811
1465
336
6472
6681
2834
2222
8568
7865
9164
4148
1670
7435
4990
9774
2878
5952
5035
7677
2661
979
5208
1134
4275
2537
9340
7250
2196
5959
4596
3914
468
8251
5344
8343
2292
8220
7229
7508
8916
2846
3281
446
3011
1084
1140
1744
8450
9016
9729
7501
8665
8953
194
2248
6030
3164
5970
7882
732
6920
4420
2365
2478
9858
4229
3856
1664
1446
8106
5536
8119
8825
9820
8558
8947
5976
2508
6526
4125
5909
9810
1011
2385
9472
4661
9271
9747
7269
1609
9141
5439
1915
9586
8345
1175
7143
3074
6945
322
3760
6758
4964
5721
9645
8185
888
1343
5351
6802
8070
9634
4520
1710
2744
8236
8012
2077
623
241
9536
8814
8455
2002
9904
4479
2386
3893
9382
2579
1000
923
5254
2360
4222
6801
7294
833
5849
3310
3347
8617
7977
2290
4255
962
7031
2123
9621
5162
7003
7808
4953
6496
9651
4072
4564
4910
9433
6256
7298
7815
1524
2009
1752
9497
3637
8231
1898
7238
319
3039
9121
8507
9859
7630
5556
6649
1327
9620
1055
1533
8060
4997
990
6517
7961
6801
8503
4572
339
4285
3704
1143
3303
1188
2390
8123
8368
9444
3171
6709
442
2304
2108
1289
3745
6630
5621
7423
3022
1133
479
6290
6786
9921
8620
6863
6106
2437
7672
5508
8509
9068
6373
3661
6607
5832
3872
4103
2795
4871
5746
9565
5223
5264
8968
5487
124
6424
6580
7944
9510
7796
6567
3124
2629
4699
5949
6012
8532
2719
544
5564
2782
744
3243
2966
7568
4687
205
868
8133
2826
4910
6536
89
5780
499
4655
4649
2756
5993
2735
34
351
7147
6372
2303
9134
3353
9219
3418
6007
2872
4485
9397
4341
8562
303
3942
3622
4642
3411
7739
9572
7491
2615
4580
8969
1680
567
8635
2188
9680
4462
5126
9761
9648
6563
3446
7217
7963
4723
5388
4778
7862
1244
8342
3571
8208
6144
9452
1860
5160
4495
8766
6640
233
1536
2205
5031
8140
5724
6902
7234
3233
5797
4174
4439
376
6347
5872
395
7911
9661
4100
8156
1603
2201
626
6803
8215
6583
2909
1112
2892
6235
4724
4603
6146
7571
3294
2131
3348
6743
2675
8840
1828
7652
914
2806
8625
4744
8883
4303
9622
3537
1692
3309
9353
1405
6143
896
3946
3183
9844
3149
5881
4893
8872
9430
4671
2135
8980
9720
8298
8500
9932
1093
468
9013
4030
9795
3058
8135
2827
8482
1682
6629
6557
1053
4952
496
2517
9573
6104
1930
788
7020
5107
7521
6287
3899
287
8805
2020
6842
8857
4782
1374
5824
1023
2704
6888
6399
9210
2890
9368
1237
8640
5549
517
2621
4274
8879
9992
8602
6555
4293
5278
7311
7952
2632
1207
7444
6659
8873
3062
601
9626
1108
2123
7463
9171
9802
925
5665
9995
7972
8652
2581
8045
4162
3504
4222
6076
7557
1291
7995
2162
4887
6575
6483
2877
3501
9220
5752
1147
5594
4294
8147
2724
9824
1579
1905
2139
4588
2459
4098
7400
5453
4331
9409
4126
4664
8440
4054
3357
2651
3265
785
5777
7066
3483
789
2598
7465
5119
1688
4331
8550
6607
3464
4661
7846
2664
1647
6079
1685
3399
2955
8406
4967
1004
8339
5912
33
1663
6001
1145
6068
4974
1398
3261
5621
1584
1755
7945
5481
6122
754
4590
810
9785
4625
4453
4027
9022
1593
4346
9769
117
8103
8614
2106
8448
1596
9157
8651
2954
3551
5706
7580
8439
4146
2447
524
1602
3979
9464
1769
6837
5902
4409
1020
8069
9520
6754
5717
4136
9095
119
17
3178
4146
4408
2538
9914
930
4053
1848
7532
8868
9456
616
6282
1666
2158
1071
2260
4164
8802
4107
3326
6339
7035
9358
7559
1006
6361
9587
2003
9867
4534
6524
3178
52
5838
4688
1623
8372
226
3538
5289
4641
1996
6565
5650
6208
8971
5440
2652
7133
2229
6909
8839
2243
9661
4699
6039
5577
7132
5620
6406
7514
3458
5378
7632
6849
6596
6861
7261
947
1982
5549
4462
6037
2083
4606
5244
9741
3782
272
8879
9777
5582
4416
4569
4825
2425
1838
2668
4471
8043
2810
4784
2282
9163
2066
7841
9701
504
5372
2639
8295
2064
1825
2012
1921
8309
7224
3393
3062
2854
5977
3587
1088
761
6803
8184
8180
897
6757
8215
5162
1918
7248
4964
6238
4247
5614
2361
843
2817
7573
1865
910
2023
3204
5584
8876
9103
7812
306
3464
8994
6314
8087
1771
406
6213
1196
7739
4593
7536
1744
2463
8718
4131
8829
5366
5527
9748
1579
5201
2764
8788
1983
6434
1583
2756
9069
9304
3579
7003
4402
5484
5772
2133
6553
7869
1588
1456
5875
3113
9854
97
4000
4084
7464
2497
3067
879
6627
9598
728
5762
3692
5050
8705
3033
9756
2491
7545
422
6630
299
3635
2524
8004
7742
2844
2384
5317
6676
1209
2405
6276
5117
8150
2934
1754
6630
4523
2466
4318
5877
2341
2778
9269
8422
1529
248
6063
338
1277
683
9726
1923
4300
5491
8457
882
9443
135
9740
1493
1685
8931
1087
4163
7530
2679
1764
9107
9001
2416
5960
648
7397
4691
1546
121
4148
2786
3804
8622
9224
8944
2411
1591
2460
9746
698
2345
9079
9384
9427
6393
448
4334
4968
2934
179
912
412
1816
824
6656
5946
9826
9814
4117
5476
8724
4949
7645
1790
3695
638
7662
6437
346
3493
4185
341
9948
512
8450
8170
5261
744
1226
1602
9496
1303
5035
5642
1938
3292
2112
7058
6154
702
4550
1076
1850
7075
1525
416
6076
3980
1320
3325
1750
8135
3952
1355
6109
8379
8784
9844
9202
5755
6701
3557
2056
4230
3148
9607
3902
2145
7509
1942
6381
6942
5991
5160
5184
5071
7940
2580
4531
5079
6495
308
7209
403
347
5882
6979
938
9027
7264
4545
6111
1961
7280
4700
9087
1035
4574
4102
2408
4397
6626
9165
6510
9867
9191
7605
4004
594
7133
2211
7451
439
8028
7778
7441
5123
9981
5261
1091
3824
206
9126
7728
4368
9991
2592
219
9768
3941
7174
2651
7276
3087
5801
9498
8073
4918
6788
3530
4896
8847
2290
801
906
6885
4299
6417
6693
3987
3941
4706
9300
3700
9809
8708
8764
6053
7495
9330
4824
5425
6225
6505
3862
3861
1270
2986
7410
6253
5323
9288
6760
4238
4632
7275
5638
163
4910
3855
4513
2611
1346
2680
7055
7496
1214
4268
5235
1856
3068
1110
5268
3008
8430
1588
3622
379
8170
5887
8879
6710
7170
5381
9989
8327
7063
485
6326
7571
3330
1905
9992
2374
5590
1756
1404
9667
2218
7307
8286
6313
3704
6760
6861
4290
5235
7660
9010
7719
5666
9527
6516
567
8294
7811
8078
9596
407
5691
9228
5353
2337
6538
6909
8172
8180
8981
1356
4589
9948
6899
8177
1591
4434
360
5312
213
735
6697
1113
777
2273
2699
2575
9627
1027
1909
3706
8170
1431
2721
8608
9146
5245
8935
4881
4934
2513
517
3557
4134
9697
382
4943
8218
2725
5874
7475
631
5748
4890
6059
3273
7955
9154
306
5243
9957
3675
9941
4917
1898
1798
5470
6677
7297
9014
190
9591
7948
276
2084
8473
8042
1849
705
7423
7566
3589
1499
3025
5393
8164
7165
6051
6839
4508
547
2738
68
8869
419
1756
740
1918
4199
2933
9215
3228
8658
4289
2834
7946
7974
9458
3547
9538
1631
5401
3984
3133
1027
5034
8960
3854
4839
6461
8553
7190
1140
5311
3311
1108
6787
4543
632
99
5295
2076
7679
3351
9454
3617
9674
3645
3427
3177
8604
543
5483
8316
1046
6940
1583
8780
5710
4088
1839
8636
815
4169
4843
4235
2375
1581
3665
6471
3629
2719
4398
3546
3876
7186
2143
3020
2581
5657
1829
526
7628
5683
7063
9329
2431
1486
6756
7368
2029
9237
4202
590
3893
3116
1938
6774
9150
7002
7899
27
2472
106
5899
3350
9842
2455
3260
4428
2191
7805
5606
2522
7712
3427
4895
7180
8652
4319
1375
8877
2819
2341
5967
3705
5902
4266
6197
292
4401
3233
5662
2125
7168
3796
9881
4096
7165
5375
4547
6935
2830
6541
9087
7929
8517
8404
3084
3865
8150
7407
9300
3486
5304
3639
2314
2154
7057
3407
143
4446
2670
8223
3382
4575
7099
5704
8840
5574
4379
9490
7720
7123
7175
8719
4694
3607
9363
834
5272
4872
6262
9365
2637
1773
3325
517
4853
1202
5164
5467
686
8554
1491
3983
6305
1748
6144
2921
1161
5339
2567
5432
6645
2991
2074
9743
7561
9030
1109
8411
2120
3718
1281
6598
3409
7861
3308
5134
55
5726
987
7330
5977
91
8166
1329
4819
3270
9916
6949
1573
9375
777
9389
7926
8203
3072
1385
870
7662
157
4928
9875
9311
8856
2388
8196
5147
4135
2132
4991
638
3949
7272
1443
4991
4752
8699
7444
8712
8347
6761
2768
7712
7926
3581
7540
6556
2395
823
338
8046
522
169
8540
4289
1204
3596
1647
4847
488
1494
8887
1561
5772
4161
2868
2936
9650
434
0
7083
1718
6355
6373
646
2141
5700
2243
7376
8854
8658
2022
1646
1678
3027
3832
4974
7020
8801
3822
2269
5947
6513
4228
4673
6820
8646
3335
6529
942
7831
1004
2472
885
4602
2823
191
5707
1269
4269
1529
9454
2915
2118
5957
9007
1083
970
4659
7901
6585
5728
8369
3872
8652
8544
7189
844
77
5319
4430
719
309
4583
4899
9550
9710
2214
7605
1780
7095
7891
5750
2359
200
4965
9375
5348
3143
2102
1589
7596
312
6263
8361
9227
1085
2788
4797
7650
2971
7340
2596
6174
1656
3565
9030
6671
2079
3873
9645
1492
1109
6839
5315
6543
9949
6906
4620
2203
3742
2781
5453
5259
1477
8297
6087
6633
1737
2338
3079
7490
6111
5083
9640
4350
65
3972
1767
4821
513
6029
1291
1302
4637
6717
7237
3563
4363
5475
8278
6884
1951
4018
8273
224
5240
4997
9357
2219
3918
6507
4075
2966
6848
9982
1834
9308
7564
8363
4215
6724
1133
6899
4395
2112
236
9578
8610
9690
5395
8637
2271
7537
5301
5785
8158
9066
3010
9593
2555
2465
9142
3689
100
4260
7120
6949
1177
9975
1778
7110
5358
6390
863
2073
9071
9200
1227
7540
1546
6584
4722
9706
210
3256
1052
3714
679
813
8697
3955
4426
3370
8833
8029
6730
9662
4433
1476
6134
157
4216
1756
7688
9883
7675
9183
5735
9213
5263
975
947
4356
590
5036
8534
3305
8751
7983
940
2798
390
2727
9680
5756
6053
4392
2440
5576
8939
829
3649
4704
5905
6953
659
2962
2707
9308
9991
8241
5171
5481
3591
6561
1177
2960
3789
4268
1391
2471
9190
6786
1147
6483
8858
9262
3861
5448
7445
1515
8205
7891
9375
2177
6215
6266
870
2929
9096
7449
1541
1275
7685
9305
2411
8180
6819
706
6069
4739
363
8853
3795
6136
2588
7743
2774
2639
7208
6114
9165
3442
1652
8692
4885
3558
6817
6945
4404
1312
610
8795
2080
7199
3173
1882
8443
5011
487
1643
954
3808
8099
8143
4136
952
2565
9283
5480
6599
7609
5514
7321
624
5178
1662
8395
9507
20
225
3013
7024
8182
1645
9888
9775
5426
6991
1163
9355
3220
7452
9717
2952
3719
2349
3526
3072
2427
4235
3759
7831
167
4569
1847
3024
7625
4282
1923
3236
8814
5847
159
7041
783
875
2547
3563
3898
6282
86
9517
6855
3248
374
542
1559
8079
3675
5441
4026
6927
876
6106
8168
904
2884
9551
9574
2151
9088
3986
318
2700
1312
2474
9617
4596
7314
7295
7736
6994
8204
7562
9642
3916
7929
6702
5876
3897
8051
5576
6674
6176
5763
9232
353
5145
6238
9833
9348
6773
8949
9668
5307
8966
8248
1595
5716
7438
481
4552
3597
4954
245
7570
6315
4708
7357
5108
5832
252
205
7513
4016
3269
2133
3366
6701
4278
5663
8412
6248
2705
3573
4293
9733
9779
5528
6313
8704
9504
6243
511
6807
4855
3486
8392
8568
754
4137
28
6347
5120
955
1157
2717
6572
306
8469
9418
8955
8979
3963
8353
8511
3847
1186
1214
273
5104
4131
5231
6573
4187
6233
5266
756
9862
2867
979
2637
9698
2692
5216
5767
3695
8108
1828
9959
3961
4381
4228
919
9801
2744
9908
3789
8638
912
6881
3978
8543
1131
2570
4526
809
3303
3109
7025
342
4602
5118
8176
7470
8106
9124
7453
1457
3925
3413
3582
4725
3550
6703
5426
4240
4384
2188
939
7078
5447
5783
9643
6449
7989
4233
2349
13
7851
6851
8903
8719
9054
6510
6301
5617
6596
8286
9839
2396
9672
7554
5849
9763
6917
4860
8410
4442
2754
7413
7883
4308
833
3105
9150
3659
3340
7466
7511
3230
1577
8572
4236
3839
2956
2121
8187
9106
3980
3371
6071
6953
678
9724
284
6287
6719
5496
1003
6898
7381
3555
5948
7076
8403
9827
2682
4446
603
37
6388
5467
9169
8949
4671
6914
9916
6072
8643
749
1774
5661
9521
6806
7808
7595
8653
4959
5189
6409
130
7301
7503
1594
1430
7990
8678
9148
9853
1841
3859
2160
8662
9240
8993
1060
9928
7241
8848
7688
681
3070
2769
6968
1894
6153
6299
7062
8904
5274
5084
2083
1434
9816
2394
1738
1140
2297
1222
2261
9993
1089
9028
7923
9427
2595
1111
8996
2389
3975
3524
6620
8588
7601
6293
2866
8795
4839
4960
350
3579
3060
5
7356
454
1491
294
6931
398
8519
4771
825
212
7725
2766
5558
6285
9287
3793
625
3359
8891
525
8580
1823
7962
24
5853
5881
1459
31
392
893
1850
1142
563
2182
8565
7617
7156
6992
2112
6016
5467
1264
1089
4715
182
2023
2492
6400
505
4508
6399
2123
3714
2385
2118
5674
9697
8172
2881
1842
402
3313
2842
5270
9983
9243
7023
2856
8536
4669
9510
3721
1253
1845
6790
4434
5847
4685
3796
815
9964
1307
9363
2765
2296
7649
9924
7168
3580
324
5939
7007
4205
9156
2750
4545
8978
6257
5699
2560
4623
7868
5491
9254
1303
8306
7375
5710
9826
8795
7447
8514
3489
2903
3922
9192
9351
7821
5391
4268
7686
8160
3512
93
5744
330
7300
4156
1176
8943
7497
1606
8505
8255
8117
6674
6972
7290
150
1176
4979
7101
8254
643
4841
7405
2205
4573
4275
611
7312
9839
7106
7059
8179
1890
4192
1444
1311
3976
9921
613
1132
5954
2710
1205
2919
1279
5910
181
8151
864
7074
8971
1725
8644
6605
9799
1628
7234
3930
9687
1268
6470
1692
3701
2095
1497
540
6392
2637
6220
4093
5882
8480
1096
1489
2737
2608
4625
7137
5487
4492
5587
2878
9560
8043
6599
9483
5854
8786
5582
859
6858
2595
4767
2912
8451
7415
3777
5063
7088
8633
9316
703
2583
9386
4283
6277
6914
8121
2353
9326
3358
897
5710
6243
5429
2584
8487
6915
7458
3506
491
5984
596
7379
2142
5112
3262
8877
1164
7617
6786
7447
7491
8705
6277
7503
1277
8342
5922
5427
4429
1413
1327
3039
62
3505
3125
4949
1256
1685
7556
9429
6034
6878
5023
310
2581
6712
1646
5081
6141
3264
3047
8867
3872
146
3642
3811
4532
3960
3036
4395
2314
2579
7242
9422
2531
5267
1275
5078
8162
1211
3389
3390
355
6800
7827
7694
7198
5718
5782
403
6121
8199
2454
8702
8256
5055
1345
8936
6964
5249
3350
1109
3182
3369
4075
2892
8539
3754
4573
2456
3575
2809
7093
9136
647
3696
7542
7689
7813
6769
1608
9144
9676
7674
5737
595
4964
4849
8238
7134
6556
3048
8996
8104
2932
9732
5129
7445
4001
7821
2614
4916
1423
9948
8892
6222
6474
223
4101
5745
9813
6606
2796
4438
3249
9258
4104
9552
8506
3548
2262
3956
1171
117
617
3250
289
7461
7691
5872
9764
3837
2095
2162
3007
95
4551
2530
8075
3317
9298
6236
3431
8068
7267
1433
2793
4846
1070
3396
7211
841
4162
7134
1179
286
7452
1539
9394
6158
316
6240
3818
9084
2402
6969
8023
9372
5920
9842
2754
7869
2691
5613
8036
1067
1261
2355
5804
7233
807
8422
6002
7972
2651
9156
6834
6280
159
5701
7946
7772
8186
7321
6122
1474
941
502
106
6668
6843
5787
4860
5412
7101
5513
7852
2459
4674
1817
5990
9910
7258
6711
4784
5602
1212
9775
9162
3648
6390
7969
7061
569
6476
6322
8472
776
5242
1442
8723
4158
3698
4373
7816
8603
1382
6983
2172
3534
5592
7636
4337
4983
2752
6563
8670
4486
5070
3249
469
6880
5798
7467
7145
7131
1725
4405
1269
4777
3263
5009
435
2505
6870
4016
169
3573
3923
3999
9408
595
8840
322
7607
8129
4920
5693
4372
7380
5344
3351
9324
6077
6143
7538
4475
9162
3311
891
2358
8283
7102
8923
5910
426
4964
1680
7005
9090
7473
6743
6492
3980
3374
6998
113
5057
1792
5057
2848
1238
9951
1667
809
7722
9501
9148
9533
7370
6840
790
166
3278
5870
8795
9793
5864
2999
7681
2492
371
2681
6075
4435
3581
9953
5804
9075
6881
8841
1156
28
9532
7217
8965
622
7723
5394
1008
7019
7197
8056
1090
8486
9799
9723
8685
11
5251
6868
4125
2598
8868
6639
6574
2052
1652
5091
8374
3589
6137
4424
1420
8916
3037
2327
5088
733
1054
3751
9619
3417
1921
9152
475
5139
9498
5742
7993
1823
5884
9849
3533
8061
333
4123
7191
1944
667
8769
3111
3479
2641
2948
3229
4074
6488
442
9582
8599
321
8771
5497
3532
5204
5552
6761
3625
9054
1419
1906
8499
5786
3039
8689
1576
4537
2649
338
8898
8775
3590
7279
8621
1050
1747
3784
3868
2254
979
9360
9219
95
6986
4851
8595
3929
2604
959
6942
6429
7829
8111
1358
9479
9912
5964
4012
8251
670
1254
7627
4932
1381
3463
7006
8579
6280
4428
671
9900
7135
6281
2934
7540
4608
6605
8171
5206
6169
7551
360
8047
8704
6708
7725
5964
1025
4649
5694
5939
5256
3205
8265
3504
3621
6269
4337
62
4618
8221
9499
2344
4397
5245
9837
836
4333
3876
7133
2692
5155
2110
541
8935
8447
4727
5082
359
5280
3075
5018
9975
6237
2622
3554
6169
361
2367
7887
1035
4074
815
302
6191
5816
9995
7326
4097
1906
4779
7379
5906
5560
948
3467
9861
3963
1334
5913
1472
5139
3664
5167
7862
1179
253
38
2037
9804
6544
8798
7623
8619
6923
6352
7863
5514
6204
9751
6043
2428
6185
6656
1315
2516
9132
3534
6429
4531
873
9814
3454
6768
2296
8173
6932
6299
509
3348
8879
6283
275
5612
8458
9925
1148
4636
5302
9104
5258
8241
773
735
4239
7159
2145
1741
9328
1997
4851
6639
8770
6148
5059
9612
5379
4956
3273
4301
5247
738
4985
1540
5138
5921
3629
3268
568
6039
4518
5324
9399
956
7376
6028
8672
3521
3891
8190
5692
7044
3449
2069
7092
5327
8587
4398
5343
290
2310
3523
847
9741
7791
1505
5114
1336
1575
9539
5730
2487
9321
5458
7289
4879
2101
685
3492
3411
8600
6150
7463
2330
4758
3237
2399
184
4213
6147
7137
1909
2608
6463
5106
46
2064
4607
241
7758
3820
9722
9772
758
3152
6635
5717
4638
1901
5211
4193
7739
3021
5877
1556
6680
1183
9391
4575
5565
2664
9307
5701
3608
4419
7869
6815
1398
3921
1370
153
4906
3819
516
8505
516
6215
1394
2466
9434
449
8913
3953
1918
9205
7308
5063
3561
7032
5300
5689
238
3275
4228
6144
7575
4968
5226
8459
7049
5254
2854
7577
9174
8257
479
5334
1478
5871
4601
3613
6772
6174
9000
1560
5819
8469
1589
5338
7392
6678
9986
9183
8882
3906
6991
693
9456
8759
6916
7497
4
5011
5547
4281
5518
3638
5291
4138
5662
2246
4726
8747
2734
5848
854
4175
4892
5256
2562
3473
1937
2019
2586
2912
7620
4353
796
8193
7376
5215
3158
4820
6623
4692
4980
9408
9782
3684
5941
6468
7507
2426
7177
8840
2670
8457
3323
537
7326
2106
4744
2540
9885
8566
5793
9494
4039
1496
3615
5081
3647
6765
2666
5266
5952
5406
1688
9779
4070
9664
786
9289
4489
9508
9305
8467
7851
6520
5656
8413
4043
7362
5579
2516
3839
1979
5090
5164
8120
5465
2027
2488
4058
3363
723
2487
1
4211
8705
6406
1640
1849
68
8330
4517
8989
7316
179
4050
5790
459
1825
9005
6814
6770
8833
2011
1507
8024
1218
7456
8782
529
8233
8701
384
6552
3540
5949
160
6026
1209
9815
2551
7599
8727
7009
4555
9439
301
5390
4103
4993
3780
8707
5821
8440
1897
8471
2854
8368
2033
1424
1221
6064
6645
6159
816
2950
7957
1899
7427
5952
9311
1361
2137
6710
1230
5605
2641
7784
9230
9421
9269
5004
4735
3086
4961
9109
4917
1728
8708
839
7867
7557
6224
8183
8630
6588
4892
784
5293
9138
6166
2742
6100
3806
5403
5223
9740
7249
4763
8100
1550
2177
1832
2753
5349
1910
3873
4230
9047
5062
6136
2908
7181
1653
9591
5753
8182
4199
3104
8176
2579
5471
2620
9724
9574
897
8733
7908
4140
988
4005
4292
4731
4900
5786
143
8854
3211
8662
9656
6782
8146
6021
2212
1364
8945
1293
8039
65
8187
8885
5028
424
3474
4141
127
6494
5825
2615
9081
2787
4441
9295
6758
5263
7872
8672
2405
1766
19
2089
6993
4795
9202
4589
1533
1762
8356
3901
6292
8329
4479
9707
3535
345
3283
2894
4740
498
5703
5483
6394
6612
6293
955
4365
3950
8574
4833
3372
1737
1060
9771
7153
1637
3904
6400
455
4282
1588
7720
9406
5078
1209
2069
1219
962
2388
45
975
3511
6557
4973
731
6946
9744
8046
4885
7452
9834
964
6046
4607
4811
7350
9361
4517
3071
755
3993
7064
5126
2031