3 0
3 1
3 2
3 3
3 4
3 5
3 6
3 7
3 8
4 8
5 8
6 8
7 8
8 8
9 8
10 8
11 8
11 9
11 10
11 11
11 12
11 13
12 13
13 13
14 13
15 13
16 13
17 13
17 14
17 15
17 16
17 17
17 18
18 18
19 18
20 18
21 18
22 18
23 18
24 18
25 18
25 19
25 20
25 21
26 21
27 21
28 21
29 21
29 22
29 23
29 24
29 25
29 26
29 27
29 28
29 29
29 30
29 31
29 32
29 33
29 34
29 35
29 36
29 37
29 38
29 39
29 40
28 40
27 40
26 40
25 40
24 40
23 40
22 40
22 41
22 42
22 43
22 44
22 45
22 46
22 47
22 48
22 49
22 50
22 51
22 52
22 53
22 54
22 55
22 56
21 56
20 56
19 56
18 56
17 56
16 56
16 57
16 58
16 59
16 60
16 61
16 62
16 63
16 64
16 65
16 66
16 67
16 68
16 69
16 70
16 71
16 72
16 73
16 74
17 74
18 74
19 74
20 74
21 74
22 74
23 74
24 74
25 74
26 74
27 74
28 74
29 74
30 74
31 74
32 74
32 73
32 72
32 71
32 70
32 69
32 68
32 67
32 66
32 65
33 65
34 65
35 65
36 65
37 65
38 65
39 65
40 65
41 65
42 65
42 66
42 67
42 68
42 69
43 69
44 69
45 69
46 69
47 69
48 69
49 69
50 69
51 69
52 69
53 69
54 69
55 69
56 69
57 69
58 69
59 69
60 69
61 69
62 69
63 69
64 69
65 69
65 70
65 71
65 72
65 73
65 74
65 75
65 76
65 77
65 78
65 79
65 80
65 81
66 81
67 81
68 81
69 81
70 81
71 81
72 81
73 81
74 81
75 81
76 81
77 81
78 81
79 81
80 81
81 81
82 81
83 81
84 81
85 81
86 81
86 82
86 83
86 84
86 85
86 86
86 87
86 88
86 89
86 90
86 91
86 92
86 93
86 94
86 95
86 96
86 97
86 98
86 99
