3314	2111
6859	3978
3340	3900
5008	4376
9040	4701
1909	5296
345	1917
7803	4985
2158	7795
6421	5302
3236	9772
1348	6772
7012	8265
9687	4966
4720	9764
3829	2493
3920	1692
7670	9359
6989	9461
908	6237
4784	7674
8679	9582
8875	9215
1505	5626
3277	5210
9137	7682
3304	2229
7940	7713
9799	3343
6182	8116
2469	4438
4821	4935
2909	8885
6320	3887
8098	7237
3708	1979
5192	4555
4568	2013
3096	1696
1253	4450
9006	1858
4816	6320
5745	8593
9015	6504
2341	2182
6358	3790
9028	1777
6262	726
3414	3422
2031	4483
4255	7905
6236	6397
8396	9194
3144	735
5753	7944
8306	9858
7373	7531
4185	4665
539	5435
8724	7146
3147	5387
9960	4561
5335	7656
818	7651
6955	1194
7636	4725
2677	4465
4498	6893
5691	7426
2303	1105
5393	5641
763	1259
908	3983
5355	8649
9406	3578
4545	7997
4015	6170
2646	5324
9145	6904
9800	782
5	4195
6435	2822
6921	5536
7742	100
9909	7035
7180	2403
6124	5926
6583	6601
6627	1298
2895	2087
2870	2839
1470	6218
2491	2212
5965	8097
9891	5340
2064	8453
8150	5352
6736	8972
8956	1088
3949	2946
8203	4412
5838	3133
8801	6730
2076	2054
951	3286
6340	8066
822	1067
4532	3271
8437	6203
7063	6919
6933	9883
8852	6096
3113	1826
4392	515
9963	8889
9847	5561
3663	4386
3119	6334
2185	7191
329	2894
5532	2187
6451	5003
724	3771
925	7352
9252	9970
7830	9542
7891	7239
2749	909
5541	5785
903	1870
5999	5663
1239	1279
7246	6762
1343	1922
5779	8988
1263	6994
2282	3812
2369	4389
652	2926
9027	694
7964	2580
1743	1073
1887	4074
9928	2574
1918	4990
1582	3543
1516	5762
7050	229
2309	4587
8041	3667
3867	6812
1831	8414
7477	2093
1460	6931
7223	1580
3748	6652
2203	6134
3590	4901
9692	4327
143	5396
4479	4447
1944	9851
82	5713
2578	4853
3618	2283
528	2602
8774	9359
4999	9145
5425	774
739	8940
1531	5940
3114	3010
6860	5272
1151	1437
6795	7477
7241	7134
6431	6102
3962	6487
7901	6079
5951	135
1118	6806
9778	2231
9547	9754
2146	9043
9591	2116
8647	5266
9491	9792
5483	9748
7307	7609
1642	7240
1156	2067
2656	6444
3246	4901
8937	8881
9641	4390
8685	8833
1572	8462
1353	7825
9640	5309
1287	5059
7671	7740
1408	1770
1358	2857
5139	7899
4714	2899
1171	1444
3567	7688
2403	8808
8305	8960
3479	6117
8410	5026
5576	8104
8136	1182
2027	5331
2829	4065
8206	3101
1541	7330
805	2168
4736	8563
9677	2317
668	6308
8753	1755
2467	6176
6278	6745
5467	1031
2059	3180
8458	4653
6789	1660
5026	8716
5646	5511
278	4368
4915	6849
7764	1869
7953	5471
1940	7353
2583	4430
1358	273
5324	1552
3017	6981
8879	9674
3596	7749
9256	8416
3733	3305
8818	5349
1645	7304
8995	7407
9935	9753
7648	829
9550	7492
8776	4539
2286	5455
8720	2579
2722	3359
9318	5233
7611	2492
4939	9051
3944	3992
1190	482
5585	6994
1979	6736
7159	3930
5850	5929
9027	5416
9250	9920
1465	2507
5652	6835
7665	9053
9154	7877
3090	1991
90	4096
7910	9070
804	4173
5840	7352
9834	133
6626	6264
1243	7568
2467	2314
8940	978
380	7441
7421	2990
4831	239
6139	1819
9879	4338
304	8731
5879	7684
3260	387
9715	3999
8862	9881
1858	5415
5079	8558
8107	969
7025	9821
4538	2430
8147	9847
1688	1349
5527	1689
8877	2261
1024	5819
6184	1719
3012	4054
7747	4751
6578	5445
2660	4745
4828	7060
6155	8831
2016	420
3362	529
2276	7564
482	9089
1912	8518
456	5286
742	2413
9814	1329
884	5123
3394	6066
9684	9404
5223	3416
4666	4002
6343	5654
1095	2646
1919	2685
3085	4575
2311	8142
3509	5031
2349	297
5279	6218
5876	3805
2923	8202
887	7201
9048	279
5547	8982
7489	5193
1640	6266
6703	4037
3556	6550
2481	9236
910	9851
6976	4184
5484	670
7339	485
2981	8848
726	9686
8776	5124
6790	7692
9552	2867
970	9508
576	9354
4768	869
709	7935
5663	8846
5889	76
727	5519
2462	1945
8576	3518
8000	1785
5169	6486
1035	5376
8333	6371
2041	1925
4964	3709
7399	3230
9200	5679
2006	2001
4522	5527
1777	5065
3243	4926
3335	126
6097	15
2986	9181
3696	8076
7450	9105
6572	3222
7022	4365
7718	2221
798	7909
4400	9027
5789	7402
7195	3937
9963	6486
3271	5854
9827	1805
3649	7789
9351	1481
2557	1412
3733	6324
2374	8759
7159	3127
1635	9782
3361	3770
6113	2228
2896	2364
7398	4492
8278	1724
4345	8873
6949	5611
7974	3322
7378	7996
8480	1703
3376	3086
4153	9490
9441	2708
3947	316
3360	4761
5487	67
7663	1105
3483	7374
6265	1477
9636	6120
8328	5553
9987	8140
212	4301
6857	113
4066	5236
8350	4644
7159	702
2023	1787
8580	9192
6583	3852
6647	406
9999	9371
3295	7024
3209	3742
9731	9397
8754	3189
2807	8520
9341	170
1028	9088
5119	9401
5271	8009
3519	3378
6751	8216
6707	56
8462	6617
5489	3257
7786	5695
5711	9969
9150	7288
7719	8954
8970	9758
6092	3158
6606	98
9203	6898
5129	906
114	3801
2824	2324
1792	3483
2459	1872
4651	54
4625	4683
3805	257
8169	6165
4721	3089
2025	1146
5160	4855
7087	4058
7451	259
9758	9582
9813	8720
9170	386
1712	2574
6383	5814
1373	6215
5741	2989
7893	989
7546	4318
7495	6827
2843	7418
7898	9582
6048	5125
8927	3357
1612	2111
9886	5590
5414	7108
1815	1274
6401	9900
5422	4636
3249	4778
8273	6616
1818	3666
9359	5512
3504	1105
2887	1675
3196	7640
6260	4622
7227	4575
4965	3050
5380	6127
2253	4344
9499	1548
9045	5644
7950	254
8700	5525
3675	1499
4783	4388
1510	5609
6618	5659
7866	4922
5977	6650
898	1728
2457	6096
105	6615
1238	3657
2612	6373
1844	6247
5936	4340
1244	3522
2280	1407
4873	3293
7000	4998
1590	4783
5774	8613
9668	4013
7550	9258
7749	5763
9379	2404
8363	7841
2585	7834
9154	1035
1686	8357
3162	6586
783	4161
8110	9893
2473	2877
2920	2663
8819	1311
2858	1860
5629	7910
6001	32
6903	9733
2023	8825
2279	3319
7573	5730
4231	2553
6990	8281
218	5089
2087	4008
9848	9850
7855	945
4671	7505
8128	2042
6940	6993
1682	3200
4958	782
5119	1715
9892	690
1633	4257
3912	2849
2300	5236
4446	6165
4368	6013
4849	8927
5408	1323
2078	3328
2411	3993
4768	7127
6486	1384
8580	9302
3298	6802
5243	6315
4186	7515
8859	3586
5758	8902
4723	4922
6906	8101
2877	8282
9925	3718
9013	1651
7678	4416
9610	6046
8890	8826
8312	2331
6568	455
260	4862
3353	2023
3684	9855
422	8378
787	8445
621	2496
9852	7217
1271	7063
1255	132
1120	2505
1210	5665
235	2138
6685	4264
9058	4710
9209	3920
1522	5632
1906	7195
114	6562
97	3187
3261	3613
7694	281
8504	5500
6126	5011
1972	7123
8467	620
278	4843
1723	3441
6369	8805
490	3868
2006	6666
5729	3417
2688	5747
7968	5987
4624	8770
6068	9232
5498	3065
542	7084
463	9336
6858	3234
8465	3180
8955	1525
6114	7331
8865	879
1028	3073
4118	4434
4958	6657
8361	7377
2902	7695
4612	1974
8663	4650
3202	6136
8793	7882
8162	3711
7050	2769
8078	126
9458	6600
4760	2355
1620	432
6510	1611
4343	9650
3840	6320
6478	4237
8647	3515
4963	9870
2518	9788
4478	2386
5344	2611
2828	2221
7487	2103
2560	8723
3843	786
6093	3548
5802	3985
4743	9882
4043	5963
6726	8141
5926	4491
2944	1613
2429	9327
7837	7991
4484	8284
371	7036
6996	7663
4330	4818
670	2754
532	6624
3116	1262
7601	624
1487	3962
8749	1648
5501	62
4790	551
8815	2356
4882	6397
676	2300
4578	2124
610	5300
6443	6744
5190	8581
6561	550
9553	7180
2193	8557
8446	7460
7874	982
1722	3449
3159	6044
9324	5358
647	356
1505	6146
3435	8080
7453	4335
2573	5403
7437	2013
8477	4184
6451	9843
2863	8842
1876	9553
4598	3637
2114	5733
4655	3204
5640	9621
368	5248
4906	2910
438	9615
4071	6390
6643	6329
5771	7544
3439	9811
2871	6051
3339	3413
8075	5165
5737	2750
470	6237
7549	4882
4446	1954
3575	5452
4184	6972
3105	5864
5658	3979
880	1467
5085	5324
285	4964
4253	3628
4156	2177
4921	509
4964	7907
8265	763
6998	7098
1216	709
884	4534
56	9198
1314	181
785	824
6643	5727
9528	4819
177	7530
3551	680
3788	1378
9047	4446
8919	250
4849	3119
1473	7187
2591	2717
4737	9314
4108	6955
9599	751
5954	142
2018	9030
5626	349
2787	5290
936	6950
605	3064
9980	7309
9225	4201
70	6799
6838	9086
1343	769
7301	3804
2890	6615
6368	395
6253	8773
9631	481
2384	5350
2535	9536
6027	1020
1383	4795
2202	3965
4481	1723
557	612
5557	3543
9476	3457
4395	3579
3178	1666
8429	6332
6978	2072
6888	6666
8099	3563
512	5605
480	7748
9799	1802
7019	2164
7035	2606
2978	5792
7327	1852
2722	6625
1614	4017
6025	483
5105	3726
2279	4955
8129	720
8234	4178
9345	7973
1934	3825
2941	4531
8551	9632
7328	3912
4415	9148
4566	8586
2513	9488
3900	1607
793	5284
3812	9433
685	3839
4413	8256
6568	1874
6992	9521
5482	4649
4432	3311
8776	5578
8570	1804
913	3973
5956	3503
9614	9945
1269	6471
9727	4614
4393	8055
6681	5977
4027	3005
3889	1653
5885	4051
2463	3319
1130	3316
2615	777
2703	4703
8949	8433
724	8132
958	9341
5315	1777
4748	489
6071	9020
2647	8541
5583	6845
5598	2118
2237	3638
5041	2333
9585	4025
3565	818
986	5756
1205	6332
4503	1432
244	7499
9659	9115
621	7041
8691	933
3255	5282
7332	2020
8805	7560
5752	4317
7213	3428
3976	9250
7830	921
5825	2807
7096	8563
7491	6930
4115	8479
7368	7046
8180	6058
6879	8037
8804	4848
9800	143
6133	8819
2258	5788
3463	943
6447	7275
6171	224
2183	6213
8047	2486
91	6009
2984	883
5325	9767
3190	6369
3411	6432
1140	4590
7641	8092
1146	5527
1684	875
963	7996
2346	6906
12	4950
6164	5907
6128	3964
1379	5868
3494	8257
10	8959
867	9986
8551	4509
812	6744
6568	8419
110	6369
7562	3235
6719	7471
7587	6926
9538	9690
279	2343
1742	5200
3309	4780
9754	9905
1973	4488
6776	601
7827	3921
8224	3571
2923	1202
598	1437
8365	2325
361	2093
6422	2151
6912	237
1849	5174
4014	1518
8105	5042
4553	8638
2467	8551
2890	2342
9801	2505
2905	891
9616	6717
7624	2105
8391	1075
9174	8947
4281	8286
8816	5181
7856	5506
1260	7053
4048	462
4097	582
945	3813
1882	4613
9549	3646
7011	7748
2371	7199
2000	2466
2711	7653
9370	391
9087	6401
2672	675
5996	2388
9940	3389
9706	9262
7723	4695
5915	6162
1917	6543
5422	8370
6130	1060
6139	4329
1001	563
1624	1726
7151	3392
478	5242
848	8813
2669	9765
7188	513
9199	4893
3751	508
8030	3559
875	7758
7348	4678
2858	6112
2584	5107
403	3030
1376	1554
8618	3201
6067	9603
5581	2750
6142	1982
385	7576
5598	9514
789	6937
8915	4686
2353	6013
2365	5152
1970	6707
2036	6100
9881	4270
5240	8357
4032	7739
1372	9040
6409	765
3861	9579
457	8165
2404	7948
9776	9783
3529	72
7777	6815
5773	6951
2985	2908
1156	6764
1181	3310
5673	1289
7476	6494
3804	1269
874	21
7405	3858
1444	206
1132	7351
1191	380
8492	664
5992	7133
4387	4293
7304	3167
7675	7579
5331	8757
8310	6870
3262	1828
702	8821
6481	3477
5358	8411
7043	6413
6753	2463
8989	1526
825	7852
242	2917
3152	1627
3283	9848
8833	7738
2243	2802
6431	8235
337	8082
5963	9172
7380	2791
8491	8993
4215	5012
3763	6514
4792	2336
2571	9211
28	9040
9300	4425
7670	9668
4137	3775
3182	8656
8578	8366
8801	4979
9518	7534
6462	5655
4783	4491
6720	1649
4935	402
108	8385
395	2106
9023	4893
9916	9746
2889	7898
343	3293
4493	4959
5905	4797
3241	360
4388	8344
8944	5826
6424	8016
2899	8068
8743	1274
7232	9925
4138	7670
9668	3543
5698	7148
6208	1845
4136	4708
4941	1572
9140	6039
8628	5784
4363	1846
3570	2944
9254	95
4668	6082
1255	8120
5856	4319
284	6231
4178	4762
2775	106
6655	229
6044	7709
7090	1857
626	7577
2054	6891
7402	5779
745	7589
916	224
9225	2788
5983	2497
1559	2326
7262	8240
8114	808
5564	3185
6108	4800
5435	2826
9102	6901
9007	6739
9867	4906
3160	7537
2993	3858
9211	5829
7819	9453
5528	8211
9890	7462
9018	4004
2693	3037
460	8350
6862	3829
7764	293
4560	922
4924	1545
3528	684
8585	2828
9732	5398
4418	3313
8790	5358
6985	2714
5524	961
2658	5614
8104	5211
4271	2121
8558	2802
7980	6937
8377	4089
7869	5077
992	2297
1351	9360
787	4899
2273	3387
6267	6974
7363	9742
9506	237
9212	7539
7311	5700
2692	4709
9785	2429
3000	7779
6031	3744
4060	652
8084	9468
578	6827
6832	2617
5609	2328
4940	1555
821	1807
4761	6042
8694	3631
8786	2762
7643	4729
542	4486
8023	3364
7816	8753
5216	120
4791	9229
2210	5634
137	6179
1672	9785
3035	2471
6241	4349
4333	3914
4461	7624
4583	6030
4328	6285
4817	7666
2833	8657
6104	7726
276	1329
1462	7750
4368	6758
3249	6063
5299	6753
7190	8749
9303	230
1772	9508
5141	161
9378	4895
7222	1592
6301	6459
3384	9661
2431	8114
424	2620
353	4820
7182	1300
2673	6768
6214	2355
4964	4236
7705	3338
4975	5771
7505	2124
8287	6198
7843	3809
52	8853
6134	6310
2352	253
3840	2944
6807	4115
6644	9738
4610	8683
6862	9043
1886	2401
8298	3329
171	5794
3580	698
9082	949
937	3863
3470	8134
5354	7395
7110	566
1951	644
9516	322
7176	3441
5358	7319
3992	9436
2241	2955
868	5836
6652	1540
1503	3535
420	4464
9633	2067
3311	7170
5168	1499
3722	4030
7402	8385
5288	6642
502	1547
1981	7968
4691	7939
278	7501
5369	3871
5416	4473
4209	3245
3981	926
1921	1673
6318	205
7813	5627
1037	3551
4475	9641
2066	3344
3805	8836
804	2032
4962	3860
7120	4010
2958	1243
9474	5259
2855	2139
6396	9298
7924	4155
4581	3150
6548	5255
9829	8347
6455	1162
2713	3525
7230	1618
7038	1347
7896	3410
6953	6917
6601	1047
9880	4529
8835	4435
8267	8643
5120	9813
3776	3440
9527	3987
8415	5972
3314	3057
6064	5021
1883	3137
3198	8887
7963	6214
8231	2734
238	8747
5725	3489
4125	7171
3561	7445
3710	1440
6613	2852
8334	8230
3852	2975
8704	9392
5270	1503
4968	3892
996	3593
17	2927
5048	5985
7913	4039
1236	6364
605	2799
3433	89
9425	2923
5536	460
671	7673
7817	2359
3564	5228
8181	7543
5505	2905
7643	6080
1215	1527
1259	1310
2000	7565
4797	3572
5568	7438
9491	5478
6719	8495
9000	6619
3826	7626
253	209
8697	8912
3389	7246
8307	6015
786	7071
4466	7686
1144	1247
9663	457
1974	1927
4994	3839
6098	8580
9438	9531
8048	2301
9367	2780
3729	850
2985	6191
3556	7323
4049	4780
9603	8881
6898	1080
9799	6542
3742	8059
7585	5840
6281	6001
3709	3352
3611	4187
4754	7370
8232	5390
7435	9691
4967	7766
3360	2331
444	1513
1507	3904
2161	729
5570	5270
949	1839
5366	1078
9358	777
8914	3930
3453	4086
8320	2469
3982	8815
4866	7518
978	4281
6617	2608
6728	5192
3209	3634
9984	8689
3634	7939
6373	314
1101	590
2186	3786
7314	9286
6968	6670
3421	5886
6391	5449
6129	9921
2642	3403
1106	5038
3987	913
7684	5894
1393	4562
2028	1415
4770	299
250	5680
774	3810
3316	4867
1044	2726
3576	6285
6531	1646
6587	9278
6068	1255
9091	4002
7704	7973
5736	1387
6409	451
2424	9715
345	4947
9021	3944
8661	8177
3319	5763
9779	3754
7565	1873
8904	778
5433	4463
4698	1868
8145	7700
5825	9824
6177	1875
4500	2532
1903	6262
1780	8916
2526	9111
9139	8480
924	9776
7873	6003
6255	154
1038	5927
7073	9054
5282	3653
3117	9702
260	1228
5148	3587
3806	6406
8055	4661
6629	765
4744	6438
7406	2727
4846	1235
5151	7047
8818	354
9277	5175
4597	2213
2015	1243
1965	5383
9950	1677
9784	3471
7929	5962
9059	4544
7333	3548
6733	5856
2513	2626
6272	8646
6377	9792
6958	1757
6968	9354
9823	3515
9764	6500
259	7762
6404	80
7205	3457
1106	4707
7639	904
1379	6768
8966	5113
3505	4381
1733	1777
1369	1141
4475	8233
2907	7532
8535	1107
9660	3078
6152	6009
4590	6168
5803	2485
368	4141
3997	4787
2905	6758
6101	985
8311	6200
9025	2839
5337	3170
7263	1733
6202	2615
4173	3548
8325	7653
5926	4685
261	3106
4228	8562
4660	4407
1299	2159
466	7166
1466	6089
8804	7188
8712	9763
2915	9139
8896	6801
9432	1877
9868	4093
5801	9814
9475	9367
8300	4989
7333	384
2332	7745
7236	1906
2684	8691
9155	9752
7642	9243
7351	8390
2239	7263
3510	1161
3847	8992
5969	9936
7176	1563
4283	3544
9679	6222
4049	3863
2636	7354
9377	2983
4800	3121
7383	7912
121	4114
4228	7086
3183	9873
3459	9230
8308	7961
3835	5552
7847	9328
1351	464
7011	197
3834	2206
3385	4321
6320	3321
3282	2
2084	343
5063	8725
799	1538
2317	4279
9321	9867
9836	6720
5872	9340
4199	4050
6876	5825
9294	7618
7235	8801
5372	813
9915	4761
2977	7506
6389	8305
2599	6972
4712	5755
2327	2474
5888	7987
6810	8525
4367	6946
7021	4152
3348	5584
9709	640
7006	4487
6537	6280
2628	6775
9441	6479
7237	3887
5364	8118
7558	426
5725	2438
7984	6544
7939	7032
1364	251
9644	4868
8428	9968
3477	2777
7097	8710
8053	5666
3343	5588
854	9059
6631	2422
7399	5856
2245	3040
8639	7425
3099	5939
4665	3073
2644	9760
3473	8584
584	6297
7055	3144
8476	2544
6336	9869
2025	4695
6770	7416
7113	7391
5888	9546
7090	4642
3654	1117
424	5113
9895	6380
9449	5334
5438	4821
7067	4794
1061	9329
587	207
1995	9865
599	1903
9445	2768
4107	3948
8583	8562
9028	5027
3015	461
8438	921
5004	9140
7665	7104
9086	4073
9893	7710
9407	340
8878	5959
8019	9331
49	7646
4122	4857
731	9353
9837	4978
8209	8890
1350	5665
5970	37
1620	4896
8730	4924
3412	1454
9109	1834
1379	5401
6603	1478
9731	5930
1954	3268
782	2523
6173	6439
5585	8081
5161	9870
9900	9869
3577	8090
5377	5525
9063	1075
7217	8469
1060	4121
4175	31
4147	3650
828	8636
3958	5041
7768	3185
5654	256
6300	3429
4411	2768
1122	7949
3943	7651
7684	3324
9397	1935
2948	4502
742	2819
2791	1817
285	4199
2928	2110
9082	9457
5995	6926
3672	8024
1540	684
8307	2344
9136	8979
1262	9965
6457	2031
7130	9623
5609	2411
2972	8137
5904	6560
2317	6220
7761	2747
7001	8034
4191	957
8347	6100
9838	2773
8738	9613
1449	4020
979	1965
6035	4232
3341	4697
3546	7892
7661	2147
2850	9990
4202	5608
7335	2784
1682	4678
3916	2861
2428	2311
1568	815
9786	904
6769	5845
4704	5741
2083	8167
3162	9778
2617	7701
4141	4605
7682	5140
6240	1895
2877	1235
3160	5633
6452	9583
7935	8775
7496	4118
9362	7424
7320	3680
8894	7642
2978	4186
4598	7921
2773	8122
5418	5363
9766	2957
9824	48
9323	7597
9098	9172
9962	209
963	1292
7484	3484
4329	9039
9992	9206
1400	8880
9547	8342
1764	5836
2344	8068
5770	365
8509	1920
6112	9564
3785	2138
6627	4935
1565	548
5935	1316
1673	6749
7269	974
3630	4589
2185	5313
337	9187
7467	4669
9751	8727
2173	8452
8965	8452
835	7576
2519	2351
4905	4733
7810	1138
1422	6746
2320	6051
1648	6454
4953	7181
4715	7419
6132	2423
7418	5115
6571	6098
2479	7270
8999	6438
1479	9258
4421	4397
6543	1123
5549	8785
3663	692
9023	1221
405	7992
1344	8047
9494	7153
8582	6846
623	7277
4877	7841
1667	9991
6312	7712
3997	4091
4300	9707
7780	6434
7516	220
1283	8607
399	248
4583	8827
4650	822
2366	2649
5689	6025
5344	1032
2779	6310
9107	7829
8394	8871
8550	8755
9173	7792
9959	9264
2316	693
364	1011
4029	195
4927	5034
6176	7281
9550	9617
2369	6447
5947	9305
6009	7279
4433	487
7141	294
8771	3434
4271	6892
8887	3279
4238	1590
3103	1267
6985	685
443	738
5121	8803
4387	9613
2212	7269
3393	9747
6336	3884
8521	9786
8928	2564
2530	1777
5057	2491
2232	9671
6581	5912
2724	6805
9009	2033
6690	8338
2665	9349
2094	4624
2010	1646
641	2322
7477	67
8951	161
344	4011
3492	4905
7233	6094
267	9747
366	5236
6482	1425
8623	8470
125	7458
9292	4911
9634	1701
4074	2644
1148	1866
8474	912
9204	958
1853	7432
600	1655
1197	7611
7207	2079
2601	1530
6762	815
2530	2825
7900	2428
5035	6631
9840	8825
9506	6081
4316	8820
2973	6719
182	2502
7064	3697
4559	2822
6515	1727
9807	4970
3771	741
7289	4531
5139	8287
781	1934
6479	459
5547	4225
3376	9614
6465	1553
5920	2355
7436	6752
5952	2110
5075	1375
428	2483
5535	1924
2434	2057
1488	9678
9045	5678
2380	2994
6615	2048
6538	8873
6869	6076
1936	3609
1409	7014
5350	4332
4582	4931
4592	116
5507	1746
9341	7227
5123	7850
6317	4518
1045	7452
7429	9701
9561	8520
8777	2234
9278	7891
199	4012
9804	2466
2741	1615
1933	601
7831	9221
6056	4919
1780	1858
8810	1436
5223	6091
9166	2108
5705	7979
6437	4985
147	8482
2177	2653
9188	7367
9104	9157
2232	4098
2225	1328
1543	3003
6001	9476
5318	1535
6040	9753
4443	3021
7078	1022
7383	2550
2326	2657
5219	7733
2567	3212
1458	7184
2414	7723
8371	3775
2359	7462
37	5215
6558	8815
3796	8197
224	5459
7025	3117
3897	6566
287	2943
558	114
644	9210
1719	713
884	5077
3216	3765
9994	9524
7187	3431
9010	8787
4227	82
2651	2479
2400	9238
8477	3314
9292	8652
2434	9056
9761	7248
5423	2675
269	6561
1548	407
8781	1541
7764	2866
2255	2623
5291	6517
7977	53
7243	7983
7668	2286
4030	9212
7487	8304
4191	8039
1551	1862
6267	1430
7966	3877
9076	1888
2578	5866
4361	2834
6154	5201
2727	925
9919	1874
4948	8939
904	2626
3320	1583
4729	5112
5555	5212
4190	9018
1543	825
128	9872
6341	3928
3607	688
1514	5854
4357	9549
1791	4255
1328	4972
1965	1938
8171	8400
4102	7034
4666	88
8513	9767
5317	8922
1385	4116
4891	2890
3282	3425
2048	1766
2853	1380
7891	2102
2845	8241
2089	1831
7087	205
42	9831
4168	5489
259	9607
5164	4549
7747	9265
1111	3450
2689	1913
8152	4138
1828	3437
9746	9902
237	1856
2883	1962
853	7189
4719	4875
5396	87
2697	3444
7219	1730
8055	8315
3375	2308
7138	2309
9488	7723
9384	7185
2681	8452
2573	8290
1494	7625
9696	9080
9181	1337
7874	6866
1603	3019
6378	8799
7670	7196
1132	9903
4408	6168
2477	2764
6872	3107
1265	1811
5219	9973
5758	5566
3092	8339
9532	5730
6100	1079
7765	9406
6804	9756
7510	3434
9491	1744
8574	3554
596	2739
4831	4159
3061	1703
3734	1272
4143	5280
8680	9407
8489	6163
2811	5490
2423	3965
6671	604
9281	7364
7680	9753
8924	2822
7004	2826
7021	1101
1537	4962
4153	9297
3501	919
1634	9943
637	9983
7706	6986
4646	6118
5142	4141
7469	494
2671	2514
70	5781
8845	2650
7255	2927
9136	42
9320	7663
117	2116
8934	2763
6330	9694
2213	9968
9665	4621
9864	5089
7412	8147
8955	6146
2741	448
8687	1183
8420	8169
5582	5869
6531	3868
4874	3596
353	9407
7053	4303
1229	9102
2766	7020
3708	9130
151	806
6297	2876
2636	3132
4197	6260
2348	2504
4736	3640
1514	6860
5353	6686
3469	5518
1801	3952
4611	3992
1671	3272
6359	4061
7212	8654
7311	8160
3117	1921
517	1699
7638	7905
8223	948
4022	5212
7594	556
1821	2245
8976	6045
5134	3107
7938	4442
5590	2911
4039	2160
8381	6575
2444	47
4526	7186
8715	2659
1104	3126
4766	2657
1597	1370
1766	7187
6388	9169
459	8171
7873	724
7614	7614
9084	6601
2994	2664
8899	8283
9569	2061
9462	654
712	8454
7202	6986
9817	690
1324	487
9464	3193
8489	3212
7752	6570
7789	3284
1118	423
1668	7470
1912	8460
8239	9757
6967	4155
8572	883
5092	8914
9750	7704
1064	814
9666	2228
4188	915
8676	905
9484	5218
9286	9980
6793	8130
70	4180
664	9762
2519	8606
2067	9876
3760	2624
225	8203
232	8970
8323	7750
9843	7095
6737	2510
1714	1253
9239	1162
2102	3360
262	1648
9073	760
2897	4790
9823	8039
5795	2445
7761	7210
4472	1349
1983	581
3793	497
1357	2698
9113	7035
6360	1031
2924	5191
5256	5860
1940	2343
1743	1020
2826	1790
5749	6035
333	1421
9917	8750
8964	338
8691	5360
538	6695
9480	8749
8792	3909
6554	6946
7775	4217
9808	9585
9383	744
9101	2348
2838	7963
9493	3562
3165	9454
411	2917
4066	6103
5000	36
8363	3818
2810	1301
368	2784
9308	2425
7425	9035
2018	477
5543	5058
3863	81
4779	7133
8478	4734
6406	9892
8303	7951
7105	998
4491	3069
308	9427
249	3544
483	6308
5821	7897
5752	7307
3359	7371
6250	7308
5388	7008
9938	6474
3767	5845
7355	3344
1253	2814
4532	5696
8314	6181
6679	5560
3245	161
6325	974
2306	4249
9950	2068
1138	9427
8569	7572
7153	2228
9269	1815
2316	3829
6914	7534
6550	9563
9376	4722
3494	9657
6101	3652
6814	6554
8293	4815
7596	5616
1864	5462
3158	2492
984	8551
8556	1309
4958	7340
4137	2742
252	8314
7731	9464
8062	3638
4	1721
2827	6300
1074	7767
1853	5008
9404	415
3778	7365
2212	221
6773	3736
3054	951
2753	5370
7906	3754
5829	6
7669	8503
4242	1208
1895	7489
4638	3845
2157	802
507	1505
1939	7254
2045	1828
9514	9495
9569	487
3763	6111
8243	2520
581	718
4966	9898
7286	6951
4967	4149
5938	2224
9959	5085
4833	5044
2088	9759
7030	1700
5660	6236
7001	3872
4807	4013
5482	4706
5394	7125
6434	1874
9042	6863
8904	943
5539	6145
5663	528
368	3237
2866	4161
261	5146
5429	3164
7427	4440
941	2421
6849	3244
2622	5748
4768	8339
1114	954
7016	1512
259	131
7729	7401
5339	5190
5014	9503
2426	4004
9684	7107
7489	1369
8675	3638
3602	177
3331	65
1528	9177
653	4554
6902	5129
3902	7653
4603	776
5786	6272
1324	2061
6562	1869
6958	2769
7971	1507
2612	5872
9714	1048
4240	1023
2292	7501
202	9313
8382	6366
6317	2698
3960	5969
4098	2462
3632	6728
5743	1662
391	1346
8705	5493
3086	499
794	1333
3112	2292
6147	7575
2752	2841
5666	541
7875	3009
4018	9217
3793	1829
3180	8373
8846	5150
6044	9171
242	1227
7495	1462
4773	5188
3109	2701
3031	3028
3649	1195
260	364
7241	1263
5844	108
5682	5219
6953	6721
2255	1410
3321	2303
3494	9129
6909	1638
7604	6035
4390	9053
8855	7899
2700	5734
8630	2850
5866	9623
9955	4988
1726	2490
6445	7668
7305	3000
1433	187
2326	7551
7100	596
2131	4605
559	1008
9519	8301
7043	6851
9543	1828
3523	3223
2498	9619
6329	7706
3809	8287
6800	7299
8815	1889
9183	7855
6533	2070
4312	6460
7259	4318
9582	5536
9405	9859
9062	3431
7942	4998
8844	724
2303	3044
3076	7826
3084	6145
8511	1728
7712	2942
4839	4453
7419	1854
5092	8627
2132	9408
7150	8295
8292	9700
7914	5306
7815	2228
7765	3107
9495	990
9929	4515
766	6743
7394	6485
5068	2839
7017	6734
6857	7672
8554	1543
5410	5361
3814	4270
3088	1635
3202	7289
5473	2219
4684	117
8559	4161
8031	2679
9824	2276
4572	9951
6800	7070
52	8095
2826	6939
8090	5278
6481	6217
2242	6203
9388	4391
679	680
7789	7200
9602	6087
3244	3295
8232	4963
1846	5688
1544	913
4438	8788
3815	754
9612	8887
1919	71
447	8772
3097	7380
8577	9883
3379	844
4730	2881
2763	2097
7243	5026
703	6233
8529	4408
9254	2348
2113	569
5856	2320
1069	6534
8872	7905
6159	3312
5099	5632
6507	8178
191	7119
8209	8372
6036	7618
4954	7084
6823	3978
8911	5916
1536	7192
8475	8417
7011	2145
2713	4921
7388	9546
1153	8619
3200	5915
4564	260
1580	8997
3238	8419
5515	5947
6874	9346
6591	2535
2881	2527
9556	3092
4660	7787
9070	7133
5919	8541
2	2799
1728	7331
9395	930
3261	7147
2289	2279
8250	771
8498	6992
682	6940
2615	2220
5238	1069
2088	8427
124	7193
5509	5934
9633	5760
3370	7013
380	7894
973	9307
1885	7237
8440	5902
6594	6845
4039	5697
4424	7919
5404	3649
5826	817
5565	5824
377	1569
8509	8076
7794	448
4659	9887
8879	7565
1014	7298
9192	8750
6916	6341
1539	4306
5541	566
4783	3050
8031	9575
7684	9639
5450	2920
9279	2130
666	4221
9098	7979
2294	4822
8001	9617
4155	693
7559	7151
8058	1591
441	3186
4927	8678
2459	3165
8653	701
9132	6283
2836	5651
2223	8427
9456	9425
3293	7879
1983	6659
697	3960
6034	1091
87	1354
5753	5993
639	972
1304	5560
1970	1398
1736	4568
9910	9191
2707	926
2104	6689
2669	8156
2802	7940
4376	1277
5098	7283
4711	8404
7897	159
1591	350
1600	9393
1791	8959
1041	7017
8341	1699
477	2014
4266	8607
1648	3601
1347	9089
9766	3979
7341	650
8719	2936
5269	7291
182	6080
330	9859
7722	7437
2239	8744
5084	2634
7148	758
6235	7135
7864	349
892	5433
420	744
4544	5226
6384	185
7037	5038
9653	2028
3162	7737
6471	6495
7941	4264
9414	8564
5305	6121
9937	5969
4139	386
9376	6713
256	6875
5556	8580
6900	8873
3049	2936
3245	677
4352	2765
3109	828
7506	8756
1570	5924
5335	8606
9468	9605
2376	9136
5118	5626
5385	7595
2618	8502
675	9823
4183	2336
1087	9104
3068	1869
5755	3455
2218	2603
1767	9149
3874	6613
3668	1370
1593	2883
3075	4974
7882	2828
5632	1009
5535	5254
3619	8177
581	7435
8383	6687
6496	9615
2365	1177
4349	4641
7952	8020
4942	9548
1458	9161
9772	6666
5465	9045
3685	4822
342	9230
4666	9948
4853	822
728	3184
8853	7095
5133	7618
3353	1915
6838	5677
3408	5934
4054	5035
3846	1309
7668	6356
7643	6965
7165	8420
7531	8972
8113	4404
7436	7890
395	3069
8050	2646
7790	5186
6848	1007
1205	7490
3287	9996
1621	9390
5637	2841
843	6877
5739	1750
1294	3218
7272	7108
4194	8207
216	6903
7045	9823
6032	3648
1231	3702
9733	5466
5732	5366
1462	2803
2212	5090
7468	7766
8041	2223
4430	7136
1092	4499
6697	5782
5259	2716
9868	5791
8643	7819
1170	4265
9196	2741
4933	9854
560	712
4660	5114
315	6290
4385	2292
7702	2831
6543	5047
8299	8243
3883	4525
5632	3446
5349	185
4544	8406
2596	8665
1962	6262
1341	229
9733	9056
5360	2708
8349	1466
1749	7042
6518	6432
4510	5428
2827	6868
8580	8675
3735	7302
7800	1689
4646	4739
5066	8258
4530	2393
83	700
7675	610
5337	2498
8479	3153
2596	2879
8775	3235
9612	5706
6324	2462
1023	4155
4703	181
599	7534
7618	913
6499	3345
6401	735
1050	8125
2112	2847
9834	8433
9358	3514
7686	8276
1826	8158
4265	6880
1725	7644
8299	7811
4747	4092
8719	8544
3750	1784
2351	8943
3275	8285
6004	5971
6258	7963
1415	7077
3674	2565
2908	852
9860	9715
4855	5955
1138	5713
8133	2259
691	5994
5844	5553
8300	5413
3798	7731
5849	3593
900	230
2570	2486
234	2062
1585	505
6785	4707
1631	2535
9127	1800
8465	5904
9371	4173
5023	4083
5177	2733
7272	2607
6771	2930
3546	7587
7588	6198
9294	5842
5503	6113
7645	87
4987	4582
9381	7410
9220	7851
7328	6400
4317	389
9253	2832
15	6232
5868	1803
1353	7001
8945	2528
4859	8170
6154	2456
2063	5943
6423	9480
7555	3365
5386	6225
8226	4554
8431	7070
3903	8097
9467	5693
3568	4065
5777	8744
1520	3582
4319	7263
1602	4499
1854	3587
1723	3119
2214	5501
1067	7213
1807	3507
7466	8361
2322	6152
461	9121
8225	1498
9188	3692
1287	7618
627	362
9922	184
7636	2415
950	6837
8326	801
5760	2406
386	3618
9074	9616
2031	7397
2349	6160
4546	8475
590	2205
215	6342
3309	4473
4842	5918
9751	5282
116	5616
3688	7929
4528	5923
7514	4513
4078	6770
1153	4882
6289	9675
5545	1505
5497	4662
1185	1218
7076	4749
3588	9504
7886	6102
4798	884
7152	8208
1003	6998
9075	3327
6387	2803
847	7634
7144	6067
6277	8826
2553	167
1905	3853
3379	4328
8282	8302
8124	1378
7638	7857
4940	1029
1435	765
7865	9686
9562	3332
6944	9462
4107	5062
8113	6919
1794	3356
3276	8051
263	8054
2177	924
3959	250
5150	3520
6643	5504
8124	6292
8953	1695
8997	2431
5128	8306
6952	196
337	5151
3755	3218
4670	2936
312	3001
9495	7941
2989	1421
9020	9495
1692	3202
8737	2447
1649	3428
9193	1772
1906	1969
9833	3278
21	4356
4172	1323
8019	6455
3886	1711
6685	725
4080	3936
4466	4497
1040	2592
454	1505
7093	6818
3590	4846
9032	2235
8658	8657
3745	5933
4934	730
1118	4763
822	4135
6290	4805
778	2699
2128	2117
362	2184
3520	2411
1141	7605
9083	6355
6760	5467
4943	7928
1475	2829
1063	8862
6616	8018
6853	7723
8990	1226
1735	2712
2720	9188
9115	6368
1295	6420
8583	4485
5674	1698
8348	8657
3011	7336
4247	7408
2219	2076
8451	9720
5522	5248
8535	4169
2266	2791
693	72
5432	7109
226	5539
9434	9943
3161	104
6258	5733
2779	9727
4133	8954
9194	2168
5924	2866
9860	9277
3171	4199
7208	1770
5623	8245
1164	9541
3765	4001
3484	3674
9738	5243
2152	5185
3533	390
468	175
7410	2395
5183	6387
3792	9339
6082	5871
8427	5972
5285	2859
210	5154
7746	2419
9891	6997
2051	4656
7752	3192
4599	2912
750	1879
9132	1299
9871	5591
4532	4404
7302	6786
3887	6157
7042	522
2968	8074
2316	2041
2688	4392
4384	297
605	1306
3768	4702
1294	2329
4859	3641
9720	4045
9755	9639
737	6265
6592	5686
1507	3063
4107	493
3228	3558
5912	2238
2650	2720
8471	5245
7811	1817
7864	5055
2407	2517
4279	5453
3717	1752
1569	7263
3917	1840
6536	9722
5903	3910
9737	4737
997	5811
5598	9864
7963	295
4889	4326
8391	3136
2490	6936
718	237
3397	942
9404	885
2196	6183
5783	8958
8001	4789
9282	5331
1170	4925
5956	3497
7403	4528
4801	5545
2651	9697
1476	1961
1960	402
8417	6873
3943	6637
7783	8185
1615	6539
8805	8780
7802	1632
5340	9837
3946	6792
2209	9235
1506	5195
6609	6226
7095	224
9640	1738
2636	5923
9243	432
6307	8865
6422	1056
9	8239
4728	5412
5639	3846
7379	6675
7159	9791
4944	288
8809	6293
2041	9907
6366	25
1952	3138
1105	9647
9109	9106
3559	4721
3907	8129
4658	5864
8281	5387
9821	8551
3655	109
8953	4361
3948	6226
9029	4034
2067	1311
7239	8485
9014	752
8752	1583
3071	4516
5164	5596
4959	2646
4330	6518
2514	9396
6126	5777
2558	4654
2667	4125
9144	644
593	4280
1939	2796
919	8269
9375	164
7065	91
3785	5026
6916	5734
8748	2286
7190	1186
1117	4118
450	2400
9593	2411
6370	8194
3771	2095
693	3511
1693	504
6222	5200
8944	8347
5978	2168
5403	6553
6743	2575
1807	466
65	5349
8635	8423
9497	6786
2141	515
4040	7429
7394	3712
2218	2828
5815	1179
9014	3984
8471	701
3672	8544
9942	8831
1888	4590
5482	2337
2833	2049
2248	4851
6712	9327
6414	5103
4855	8324
11	2112
8451	241
1514	7347
3191	8328
2651	5081
9478	4710
6130	6896
5242	1627
4889	1202
8937	8292
3553	133
5281	6222
6588	5176
2064	2618
841	272
4711	5597
7455	4649
2943	3954
5688	9205
7673	9396
4786	6000
6166	3012
5571	2785
896	2469
8664	1424
2699	1523
4205	1602
4937	1571
6513	3726
9418	9149
2882	3943
9202	1801
4619	5499
4050	7708
9293	7262
6550	7190
7481	1485
7329	1844
4392	9371
4476	399
4747	566
6009	5240
6461	3318
8875	7088
7561	2230
1374	5481
50	2396
1440	443
6559	8851
8682	8158
8116	8554
3060	7978
9711	4099
6393	7557
8504	2956
2790	7540
7385	2264
5770	3032
5905	1918
7330	9331
6451	5172
7074	5734
2192	7314
1523	2734
901	2024
5885	4654
9481	2239
1082	5678
8478	8685
2175	7430
1561	6853
2857	1327
4983	8799
538	2029
713	5018
1052	6027
4502	8415
7123	4199
2112	486
6951	6750
6770	5555
9405	8770
4176	7096
5353	3724
3827	2859
8855	2507
4542	1974
1703	8483
3281	2850
3502	2370
750	5836
5425	5924
6680	1718
9130	571
1968	440
2919	3131
5265	5743
5659	6726
1358	5070
2582	4555
8852	7488
7946	1110
7068	324
6660	5242
1660	2108
6707	7844
5940	7613
8442	4812
3523	1123
1861	960
9741	1872
5566	192
9065	5685
5980	3659
4098	3782
8981	6427
6894	4108
4232	4918
9890	5919
1458	4592
3117	8685
4203	2646
7005	1615
9405	2795
55	5338
1854	6048
87	4221
3944	6192
124	5853
2338	2862
394	8026
3326	1237
5434	9824
6215	7155
9936	4258
2015	2044
6365	53
289	6300
8083	6505
369	1448
2708	8873
5279	9666
8615	7751
9629	999
2730	7989
7676	8152
1973	4529
7296	9738
1536	9747
9115	3770
1223	7211
5222	9498
4395	6459
5207	9448
3203	7334
8335	6801
2402	6303
7278	7385
132	5552
1714	7382
4735	3002
9615	3545
4766	7899
2160	7431
6198	3784
5846	4369
702	7106
3423	7006
3038	1553
6615	100
5673	4412
1873	1426
924	495
4479	1347
1288	7670
6858	1405
2280	8298
9478	4134
2949	4713
3435	9080
3139	546
8230	7242
3703	7801
7734	4212
6048	560
2341	4738
9840	2314
5277	3493
3497	8084
509	4022
5998	5220
7319	4551
9619	5161
4113	6474
605	1099
15	644
2519	8332
2369	6429
8050	7081
1347	4604
3712	5544
4118	2364
3692	6354
6098	1285
9657	3038
51	5989
8654	8469
5663	7799
7067	7358
1394	6577
2194	2805
3633	864
6283	4648
6387	4423
4021	6886
9012	2793
867	2751
7203	7146
6698	5903
2066	921
9986	8940
7583	7977
1831	6510
5682	7888
6110	6683
8008	4636
7446	1966
6369	7063
6074	8720
5789	9515
7769	4875
8221	7888
5518	8612
5309	5088
5732	2265
9084	610
2330	4966
6840	9615
2628	8458
4605	8916
7411	5733
4160	6862
2819	718
97	3204
6560	3198
7433	5617
7463	5191
8720	3035
9859	2207
4267	3971
7786	8541
3397	679
3153	6426
4730	6200
8212	8986
5834	9008
9784	3791
1560	7033
9735	6689
6803	96
6971	7800
2303	8570
541	9807
5786	3579
2880	8326
5580	2104
869	2500
1979	9953
7435	7151
7033	1979
4002	1201
8992	2010
3387	3825
2171	8425
8733	3229
9741	6089
6690	7509
851	2470
4915	9307
5157	127
8241	9007
252	5622
2475	5355
8364	6869
8278	7919
5351	1589
6198	5756
8246	1498
242	5253
7517	1180
5100	2874
7615	4770
3998	9474
2946	6036
5279	212
7004	8073
5986	3749
8534	906
7301	9071
5517	3127
1868	4486
9146	3464
2532	3226
5997	9413
1507	2742
9406	2972
3976	3733
8068	4929
4329	4509
7466	5385
6471	2646
4746	9974
8922	3729
828	6387
8546	1120
1662	6667
3898	98
1697	7439
1810	463
1075	9569
3181	4214
9345	6282
9121	6873
6466	4685
6989	4995
3400	1750
2539	3243
5730	3911
2253	2531
3579	5756
6922	4430
3338	8710
4712	717
6350	1141
883	4811
9740	1468
787	5452
4080	7349
8716	671
8901	2254
4581	9423
7986	4348
624	5416
5138	1970
6092	7284
6823	2448
189	2177
8261	4797
6266	5054
6974	3698
1197	9384
4219	6836
6755	6682
6088	2172
8570	8071
2200	2825
44	5736
8064	5256
9697	1623
9515	1674
7554	5817
1775	366
3309	8868
8918	9821
6499	5032
1807	5201
1541	5040
2679	2469
926	6374
4276	9483
1814	842
5245	5405
6830	430
881	7435
495	4205
8976	8225
5244	6554
1615	4813
5330	8562
6883	8949
7175	6877
2845	8724
6725	2482
4050	1362
1294	9754
8994	940
3661	1475
691	3086
7725	1243
5327	7071
7358	6454
6877	3943
9688	5560
878	2433
662	2025
4085	6718
1168	8013
2117	8265
2082	604
8157	5851
8198	995
3603	290
7955	9991
5445	204
6918	5313
496	7394
2738	4051
6316	7571
209	8006
4568	4035
784	1865
6648	580
1043	9884
2224	5392
1584	2014
7809	8831
916	3984
385	7486
2916	3740
691	1737
259	6779
9889	7868
8995	3197
2924	9792
9070	6671
8451	6385
8040	9093
414	4091
8302	4963
631	8036
7488	8944
4256	5904
481	8459
5014	2257
7325	7481
6811	789
7110	2224
188	416
1909	1650
1556	7913
1029	3216
5157	6139
2530	1092
8907	3744
4240	8866
9320	1676
2429	9861
7320	9556
9279	2485
3876	7791
6756	9913
1688	4181
7829	7981
5013	1927
3351	8977
1409	7011
9805	349
2250	4059
7890	1267
9800	6825
737	9155
4930	6092
6302	7096
3403	7564
5548	8964
9818	8267
9525	1657
865	6930
7749	3211
8057	4826
1313	5007
8111	6576
8413	5540
4513	7640
5831	7113
2613	2619
3751	3459
429	545
2343	5893
7323	1293
5829	357
1940	3543
2397	771
2	2073
3565	2858
6019	658
8126	6307
5072	4952
5102	8317
3960	2171
9846	5704
5708	3453
1337	8537
8904	4070
6557	256
5727	8061
3491	9589
8782	3583
8406	6073
5223	4365
5156	1346
2795	3807
9652	3724
9152	6992
9844	4222
9953	7681
869	3240
2095	4902
8557	8626
986	6463
5464	5947
8645	9096
8576	4989
7014	1198
9968	8022
3854	2703
2618	6526
8071	8495
2573	154
1980	59
3091	5185
803	5062
8723	5796
8760	469
6801	5771
6307	6979
9937	4904
2244	8152
9292	6210
7288	6499
6433	7719
5712	5631
6981	5405
1360	1660
8208	6364
7566	234
9030	8895
5623	7346
7620	4619
8959	9244
6544	9963
9950	5174
7898	1223
4737	3749
748	5595
2891	4374
8322	7184
8382	4618
632	6089
3480	275
6881	9228
7703	3983
4322	8484
9655	1262
7912	3304
5356	3103
9290	4097
8858	2324
6128	1449
1905	8795
9322	3053
2987	8473
9248	3595
7190	7416
592	8464
638	8519
8014	5952
7906	4182
7528	8282
8183	9802
7131	3943
4924	5147
3819	2687
9121	1931
8387	2301
3889	5237
8305	2837
5409	109
6669	7905
5262	320
773	1717
9212	6328
9603	734
5099	7128
1821	8291
1243	8133
1433	6554
2806	4797
7193	718
9839	940
1778	9840
8887	542
3419	9031
8879	9928
3184	5075
7949	5291
8839	7569
468	9430
1934	3059
7129	3990
9212	4589
3924	4649
1578	2267
9158	8691
812	2944
6490	3155
9566	6703
616	9711
6187	6922
2	2346
3250	8693
9404	5580
1058	8451
9690	6930
9436	9905
6463	8226
9738	5587
8834	9400
4111	9804
2475	2848
2073	4059
931	2588
7858	6728
2345	4636
2063	9206
3193	1361
2476	5695
1689	6530
8531	4666
4496	2835
2103	1102
837	3469
4698	7935
1232	2022
8452	3464
4426	6728
9904	9502
4868	3013
894	7884
30	8994
8308	7696
987	7937
2251	7405
9601	6110
7730	7787
6587	4256
7666	8772
508	1360
2090	9025
4052	4296
616	8207
33	5553
5102	2289
1995	7080
6777	9341
5775	460
7636	6511
3196	3283
6125	7857
1167	7720
171	8750
9174	881
5644	169
6376	1604
3123	1193
7210	1186
8970	9126
3953	3745
7203	5542
6674	7701
88	1486
8471	6638
5797	6356
4790	1712
1119	251
4509	8305
8714	5988
8374	1445
7318	7228
5420	2050
2161	5440
9400	5303
2220	3751
4649	948
7868	6210
702	7213
99	8628
8825	8027
9449	9760
7269	4865
568	5640
1866	7994
3566	2837
892	7165
5075	3557
8462	9149
7906	2556
6967	9857
5325	9821
6686	7885
5654	8012
2449	4476
2587	7747
2729	9214
2772	1817
9594	9562
3767	3687
2347	1173
7990	493
1812	1039
3880	6854
3079	5774
7555	376
1408	8196
8493	6710
914	5945
8956	3507
7814	8568
9609	3295
8246	7372
1681	1373
7387	1035
6592	8605
6858	4061
9863	9150
4072	8445
7500	9260
8887	5915
4641	5339
3738	8795
3238	2991
2859	3423
3439	552
41	2807
2914	9591
4997	4949
6939	3988
4691	3550
6125	2189
756	8832
1175	5589
7577	9730
8319	895
8017	3753
3459	3549
6295	6858
9367	9309
3210	3590
9282	5803
4636	892
3585	6228
5579	4544
1304	3055
9047	3762
8955	7881
9238	7897
2386	4043
9704	8480
4940	3959
3612	4431
7744	1400
7927	4782
1562	7258
714	3966
7175	731
6202	3747
342	8619
6009	5026
2836	282
9078	4246
8937	7606
3842	91
930	427
4390	6086
199	5822
6474	2022
1339	639
5850	1535
3562	681
300	2558
8088	4923
1080	6211
4211	4567
6439	4387
6933	1772
1945	2868
398	1052
6598	1272
6101	6824
6298	6054
6243	9239
6972	9000
9730	2628
4147	4392
5837	1475
7591	7826
1235	382
2484	3980
8637	422
4268	9887
4759	3683
6607	2638
4064	1659
2695	1791
7711	9883
9096	8387
1460	9319
4135	3872
1682	2346
4984	195
2062	9037
9458	4931
7135	5989
9775	285
4586	3054
7377	9434
9846	2411
4138	9196
4990	1825
6289	7297
6036	7594
6260	1144
4941	8132
153	2279
8191	68
4674	4242
3296	845
7043	9052
548	186
948	4032
3375	9250
3842	1846
2858	5500
2742	5279
5169	7599
3559	8020
9244	5928
2304	1206
862	3465
2836	9145
4585	6716
1525	8385
3873	5937
5546	9818
8030	9896
5058	9677
8171	9840
7391	1756
3421	4716
6810	9982
4305	8638
5900	5268
3163	6431
5261	4269
3135	7865
4327	7878
6670	9090
9161	8478
3164	4689
6727	1461
4892	1006
2721	2607
8752	6685
560	9163
3593	2818
1721	2784
1912	9851
3190	9104
6650	7523
9707	6456
8786	2872
2419	9406
7206	6056
158	7162
3078	5259
92	282
4660	4994
1312	9841
9815	4680
6285	7292
6493	6362
512	8198
2195	8774
5807	1665
5748	3858
4627	8474
464	9668
4375	7225
3074	6258
5720	3540
6596	9353
6274	9655
8856	3732
4705	4618
9042	4138
5731	6103
3880	4846
4099	5856
7219	6530
5543	9383
9326	389
2264	3753
1539	9402
2091	8064
1723	9854
7656	6582
410	3425
8708	5100
709	5613
9053	1824
5212	7470
9821	7644
3088	1168
6399	7440
8452	7835
927	6437
2721	688
1318	7110
788	8032
8658	9021
2102	7803
4481	40
2291	4110
807	6917
2192	9373
8220	3021
349	5314
1911	2474
3868	5087
8548	9854
3067	5142
4494	2923
5405	5064
4502	9977
8560	8466
4272	9624
4825	4724
6187	7686
680	5453
3437	1319
6879	5989
6142	668
6078	986
6850	1946
6969	6356
2115	2589
1821	2607
4376	9849
7913	2946
7601	4284
6988	9724
8598	7794
4170	2687
1494	3954
1529	7822
2555	4287
5959	7440
690	3038
6130	9682
3266	9507
9108	4878
6141	7076
4159	4279
9294	7008
4150	4372
1807	2027
4225	401
4135	2349
5866	4333
1879	7384
9954	2265
7121	5275
3144	2045
5927	1924
3058	8636
2078	783
2522	585
3929	6476
9181	9772
3126	4285
7053	6682
6572	3804
2570	449
7793	2676
6830	1088
3418	6557
1897	807
7524	9345
923	8682
9404	4401
2239	8782
6152	1461
9513	2451
7286	5310
4086	3480
328	8688
7029	1140
2663	3230
827	4148
9252	5467
4151	7411
3945	7407
8743	3106
5740	1634
3156	3991
8906	2369
9336	4160
2240	9783
9866	5291
9313	1808
8630	3513
1653	405
1698	6140
3603	6771
6746	1513
2738	9454
4009	864
9749	3618
6916	2698
1280	6834
85	9639
9666	7071
3009	1276
5462	1867
5919	846
850	8287
5193	5850
8516	8566
917	1484
7122	2690
6910	7968
8244	7616
5165	6378
6526	3623
5520	8952
9637	464
7834	2044
3222	947
5768	3621
8951	6782
9242	564
5005	3792
6432	7712
522	6385
3634	436
8111	8354
9577	5181
1958	2635
134	2683
4184	1686
2775	3653
9883	615
3603	7041
3047	8538
1133	5441
8654	6722
9722	8779
1086	6642
7809	1533
9114	9130
2700	5974
8711	3668
2371	9804
1333	7775
2784	5636
3749	5725
7907	2825
5299	3313
3610	4402
3728	4119
6680	9263
1140	673
399	4531
7477	9750
7466	81
2674	8375
2600	9537
8156	4395
6071	941
9223	5340
4430	6595
3172	9922
1039	8165
1996	8391
202	4288
556	3642
6855	763
2874	639
4121	7988
6742	2928
8051	7566
217	4318
9747	5805
5788	1585
7851	4609
6374	9670
6383	9683
8980	7978
6867	2786
9850	9800
9109	8121
8150	4882
9856	5304
9741	1775
4049	9784
2494	6039
9197	2967
3747	4265
8568	6074
3864	1751
9009	6342
9994	2387
1910	2360
4768	1127
7554	9542
3138	3547
5330	3493
8487	2097
6494	2821
8576	4711
6519	648
8271	9947
1469	5997
1668	3221
412	7447
3475	7780
3592	5851
8989	8490
2893	2113
9988	6739
3693	4250
9949	770
8759	5325
7075	8574
3606	9745
5857	2191
81	9639
4302	2197
419	2221
267	807
1820	6505
9824	7865
6816	2934
5060	3133
3279	6165
5584	7955
6401	2562
7437	8558
4125	1973
9828	6611
8606	2689
5828	280
5970	2622
7879	4688
952	6398
3742	389
1052	5226
1932	8431
3322	3990
5422	8827
4540	1132
8188	3029
4928	7222
3539	1403
995	1335
3538	6693
6437	808
4827	9829
5724	3263
5210	2592
3050	5549
609	8235
9231	4751
8048	1363
4975	2265
2384	1847
6272	6514
8306	3806
6790	6382
7291	1749
6155	9038
5473	2848
9126	6845
8590	5242
2520	3023
3412	9914
5298	6986
1294	6869
6973	9290
5788	6440
6676	4162
3026	8986
4371	3204
2334	8865
2059	2739
7229	8318
5128	7219
2707	873
4239	3465
2971	9403
3049	8687
9364	9715
6018	8495
7520	4438
9580	4399
8150	4428
5041	6793
1722	7045
2963	1758
1671	1602
4188	1811
1592	8140
7113	4803
6004	983
3831	5949
1857	6171
8884	1583
2836	8210
352	6363
8841	6819
3595	3765
7663	4251
8926	6261
3145	1244
5174	5493
68	5016
7203	3434
3876	4512
9867	8312
7592	4368
2345	7452
1985	8866
5316	5787
6483	6731
5062	831
75	1465
2445	1005
7755	1654
2265	9001
3503	6078
1696	2345
1878	6796
4601	6920
5458	9267
6180	9604
4040	3501
2452	1352
3567	3030
5110	6517
6176	4246
8225	7894
9020	8005
6006	2891
3682	347
8225	5049
5244	6577
6701	8752
9847	8346
3742	6850
6558	7180
3245	1817
7094	5336
887	3783
7065	272
2788	5419
9234	4479
1552	8702
1447	3857
4403	565
9374	4241
8322	6673
4812	4794
6840	9662
8335	7367
1826	228
9201	1561
9361	3347
5081	7295
603	2270
6909	210
8027	5588
5265	8624
3784	380
1282	703
8455	7592
5434	8315
9558	4356
5258	9489
6163	8206
109	1665
826	7494
7124	4690
5936	5207
3767	8801
2378	2305
7979	2100
3284	5276
2573	5562
620	3168
7434	4235
2922	8663
4374	6399
8812	3788
9102	1763
8510	5945
1882	2922
9603	8123
7475	304
3681	1394
1020	4749
4029	3088
9588	3420
4094	9991
9960	4115
9299	7227
2925	2533
4460	7087
7375	1260
2967	5669
7807	186
4427	7158
7978	5182
3638	4929
7183	5665
7708	968
8764	3071
722	7821
9277	8069
7363	7268
5188	4360
1943	5059
2480	7031
1750	1398
2020	5391
8339	3277
2889	3558
8196	1093
5624	5679
9988	9242
9519	8111
4200	6751
2814	8359
2301	1250
4578	5375
961	3549
7456	8403
5216	2349
5307	222
2290	5789
1312	870
3748	9811
3210	4951
9527	3275
6640	8586
2585	1961
5313	6706
5876	9233
534	8145
2472	5428
960	5247
1687	8070
6642	9367
9497	1105
5676	7628
5180	383
3286	4320
2079	3064
9178	6476
1601	3988
7522	7156
4533	4697
6132	3598
8797	5587
8481	1729
8654	4094
8283	9689
6994	8258
6678	9500
4246	615
1846	3434
4036	1663
2970	4028
9962	9460
8482	9815
9220	1950
5339	5649
1980	3922
5599	1262
5490	7838
7340	1531
4979	2293
1432	8641
2167	2739
3851	8584
3017	4315
836	6826
3806	4323
9159	8235
5263	2678
683	4253
843	5829
754	7224
9225	7461
3306	3295
7082	9669
3706	2621
6718	8513
6260	5271
3043	1140
9113	9119
619	165
2691	2376
3234	7935
9920	3224
5331	1568
8540	6921
5044	3332
737	2290
8446	8177
4077	2033
2467	7976
9206	5577
9085	6586
9195	7754
3418	411
1609	3231
3078	5026
8959	1824
1671	3652
6597	3348
5083	6576
9062	7556
804	8057
4209	1291
8605	7991
3488	4266
3035	2592
9747	6299
2160	9742
2904	386
3448	8809
2428	8320
7710	4394
5038	5959
2263	8722
2473	5532
6589	6733
3349	4766
5935	9131
2595	2900
6332	5688
9308	9515
9980	1163
4657	6066
6742	2533
7460	7401
9083	4135
6986	742
5614	422
4490	9300
4100	183
6293	9763
8588	2968
6468	4982
3067	7715
5344	3386
9176	9699
7320	9826
2838	8304
1780	9210
6213	9898
5134	6887
1918	6433
9038	3237
3028	8221
9141	7356
4561	8353
3668	6457
1918	8915
910	4511
5131	9148
1164	3752
1155	8567
1674	1526
2977	8190
5924	1158
7841	1806
7878	4839
8296	9376
6639	2973
5014	1137
5715	8529
6208	4361
9140	2404
2783	7662
3337	6358
7106	5391
8862	6973
5271	4882
5510	9207
1410	583
4821	409
1012	1335
2841	5852
1898	1849
3446	8777
5556	5737
9257	1247
8359	5063
1686	717
8666	2512
9620	5675
9620	2006
9695	1772
3326	4372
9906	4997
4570	9778
7883	5194
9402	871
934	7650
5483	2046
838	9197
4844	3216
9723	3211
5501	6736
849	3849
6867	4103
4359	1146
6480	8293
5607	6681
9346	7545
402	6311
4480	6723
2690	9170
3237	8370
8144	290
7058	3417
5575	6681
3594	6085
2094	8993
8216	3432
6763	8736
9190	4395
7311	4766
9982	7064
7341	5735
5701	2042
3132	886
5400	547
1208	6789
2655	3513
2662	6075
1280	2193
887	5093
6173	5390
3783	8143
1243	6464
7029	1111
9909	1003
89	6995
7162	944
8220	3968
3233	4529
613	1423
2239	6093
6403	5551
4734	6043
4644	7074
3800	2698
6286	9309
6191	9646
50	4971
152	2428
2467	1111
5775	4454
2787	3580
7855	5510
618	6013
6775	3095
1703	5619
4275	5240
454	8987
6893	5840
6133	8947
9643	2796
4409	2016
8718	2614
8882	6055
8471	9605
6129	7776
6708	3748
4098	5661
4703	3550
6654	9034
9771	6751
2140	5971
5253	4355
4392	9224
5485	2486
5362	1169
9708	2952
696	2475
7813	7421
1526	2812
7492	7992
2183	7739
4666	7957
3681	2519
364	9153
6427	4028
9917	6175
4336	1230
6353	8489
8370	106
900	4367
6840	3834
3806	9347
7217	7841
7146	3366
9373	253
3823	9227
9067	8623
5992	6156
35	468
7456	6339
5781	827
4166	4367
7251	3204
7698	5391
2459	5340
9372	5787
4042	4355
9233	1520
7874	2780
5870	5494
9276	7213
6618	3158
6474	2775
8533	9524
7922	8502
1809	1751
239	4771
5718	6278
1832	7558
5434	8072
8166	9518
6351	7093
5058	3709
9249	3212
636	3086
6527	3308
4657	5675
9258	5237
2682	7110
1997	8632
4069	8379
2362	7753
1085	4667
404	9730
9138	6261
5998	2637
7848	6549
9425	569
2321	2302
2438	5407
8711	2388
4193	3637
8935	1325
3367	5836
9455	4157
7744	234
5663	8870
757	6681
2708	9413
9823	7914
5670	9000
2598	2412
7132	4712
2045	4310
1418	9305
7237	331
7507	1436
5702	8237
5263	7158
8052	9741
4583	7766
9875	3351
2904	376
7562	3351
7889	1412
5736	6507
4172	3296
77	3556
85	5603
6128	5747
4292	886
1793	9934
8264	263
5158	1397
4870	212
641	7465
1082	7867
7918	1359
7069	4050
8439	9306
1036	4996
2529	8929
5412	2632
7094	3470
2928	1519
9014	5270
447	6392
6503	2694
6354	6876
7730	7968
5751	5753
2222	9946
1163	1923
7611	2559
9407	1673
466	4991
9076	2697
9641	5667
9873	3412
1423	6218
4678	2805
4001	5701
7634	2207
2349	1988
5512	9323
1329	5427
587	2136
4952	2652
9751	5587
8038	1248
9955	5847
3767	9641
581	9209
6008	8559
1261	8436
5729	9220
7916	8334
517	3175
4168	2091
2976	430
4813	890
4761	8855
1475	3037
3107	6276
6424	9418
4001	510
1960	7462
1649	5735
9041	17
5013	4470
3939	1874
7798	8269
1008	9108
8909	8648
5189	1060
2308	1476
1754	936
7095	9324
2831	9295
8930	9264
9711	2577
470	5161
3950	953
5200	8653
2609	7846
7402	2837
7809	1092
5976	6911
4526	1132
4277	9009
4650	2725
8953	8552
5606	472
5123	8574
3295	7615
3342	201
8468	1120
2031	8007
333	9223
6174	6280
4853	134
8543	7657
907	3804
3403	3455
8236	2360
7128	7060
497	245
2696	1359
5482	2730
6849	9423
8439	288
1030	7049
5489	2396
8968	4061
9845	4277
2886	7782
3032	7114
8452	2165
966	4374
6155	297
8773	5786
642	7996
5757	4731
6039	7986
2942	6085
7031	5677
3573	3321
2840	2354
8380	2233
8413	3155
8915	9929
5603	2654
8615	1780
508	6064
4186	6280
671	7908
5788	296
3161	8092
5559	1064
152	6868
4427	8259
3411	8921
4941	9047
22	3408
668	8320
4042	1776
2955	2519
5862	5627
1795	8943
5015	6385
1403	7403
5403	3617
2067	734
6571	134
7596	3713
2746	5932
4915	7387
6546	2050
7489	6460
4060	4555
4482	9967
7647	5391
8812	9831
4197	5333
3724	1492
6337	4500
5515	7653
9336	3304
350	2983
7417	1917
2704	2252
1729	577
1775	5285
5820	7094
9844	2076
7239	2607
1808	2900
7972	3149
4145	2678
2837	2896
5039	5449
234	6333
8458	510
5467	5572
4723	1767
2749	5952
1392	7249
2973	6818
7267	1453
9226	270
5957	3653
1989	7358
2994	803
2989	8420
6581	7662
175	5910
73	2753
1383	1235
9512	8317
7195	3580
6868	6016
4092	7371
3644	2061
9329	9321
2631	2257
2342	4307
2475	4185
2697	4126
1014	5691
8878	3120
2475	702
5902	8617
4288	938
3490	2638
96	2989
4175	2107
6109	6925
3287	7866
7966	1319
4049	2203
9995	8098
1527	8743
8134	9940
1668	5447
897	1715
1820	5386
7139	8307
9940	7449
7861	1247
4629	199
3934	4733
5860	509
1504	3048
9465	6719
7015	4360
4234	3633
3505	628
5399	4891